10
589
575
501
506
588
595
514
479
560
602
522
471
556
589
519
452
502
581
528
432
477
560
532
430
451
591
544
445
487
579
541
445
469
552
568
467
465
550
562
472
445
535
586
509
445
522
598
518
440
502
594
528
439
496
579
532
441
482
574
543
461
471
559
565
465
439
534
569
485
432
505
567
495
422
506
580
524
438
496
583
536
434
468
562
535
439
459
567
561
441
419
497
519
425
367
451
510
434
360
431
514
453
377
438
537
482
399
454
554
522
430
460
554
544
456
451
540
552
462
431
522
578
495
430
514
583
510
421
490
587
524
432
486
575
541
435
458
551
531
432
447
546
555
461
435
519
561
482
433
515
581
510
430
495
582
524
430
484
579
530
441
478
570
546
452
462
550
557
476
454
555
606
505
446
520
577
479
413
484
583
523
436
513
601
520
416
468
595
513
414
469
537
523
437
434
522
567
425
393
493
480
416
384
481
540
466
394
520
585
521
450
496
599
563
484
491
592
577
490
504
588
588
509
484
575
610
517
468
555
603
522
453
529
613
547
454
514
612
568
464
508
604
562
477
497
591
602
498
493
591
595
512
474
567
615
532
477
556
627
551
477
525
610
580
493
514
593
562
480
508
605
609
498
493
580
594
514
475
567
615
539
483
548
621
548
473
539
623
573
490
533
632
603
493
522
607
600
500
502
592
602
534
500
579
615
539
489
568
644
564
476
542
630
566
474
525
616
576
482
520
608
578
495
510
608
595
508
502
592
621
532
485
574
640
566
488
557
636
563
478
544
637
574
470
518
609
579
491
513
603
593
497
496
584
596
509
477
563
600
523
460
548
638
563
456
506
600
544
470
529
616
566
478
498
585
571
478
485
580
582
484
459
551
599
524
459
537
594
524
447
521
607
544
455
519
616
560
451
498
591
570
476
489
577
575
490
481
571
602
515
472
567
619
537
451
524
603
543
448
508
602
553
456
509
602
566
469
494
581
568
474
483
572
591
500
472
551
600
522
455
530
607
537
453
524
617
559
464
511
602
567
471
505
596
569
474
484
584
586
499
476
554
592
506
454
534
604
531
450
519
609
546
456
509
605
553
449
500
589
558
466
479
570
568
479
465
558
588
497
453
538
599
516
441
516
598
524
428
495
584
532
437
485
581
542
445
480
576
566
471
469
564
579
484
445
531
586
501
440
518
595
526
444
504
600
545
449
503
592
552
451
484
581
567
476
478
567
566
474
453
546
585
501
451
542
608
528
440
510
600
544
446
500
603
554
463
492
588
556
465
487
583
581
474
459
554
582
496
453
540
606
528
444
516
600
532
443
503
599
539
443
490
594
556
459
484
582
571
474
469
570
591
495
452
542
594
508
441
525
597
523
438
507
602
541
440
496
590
554
454
483
584
552
442
457
563
568
475
455
541
581
491
430
516
595
514
428
503
595
539
442
497
587
545
444
487
583
551
450
462
561
559
458
450
547
578
490
442
529
590
498
416
494
592
525
429
485
585
535
441
485
574
538
441
467
567
554
470
455
553
568
467
438
528
589
495
427
514
596
520
428
512
593
533
434
489
584
543
445
468
573
551
447
458
556
563
473
449
538
579
491
436
526
597
511
426
493
587
528
425
492
586
537
442
481
574
545
448
466
569
565
467
455
554
585
497
438
527
592
508
421
508
597
528
435
511
611
538
429
475
576
541
442
474
577
556
450
438
540
570
476
443
541
587
493
425
509
589
518
425
490
585
523
428
488
591
540
447
481
570
547
448
453
559
564
469
447
542
585
490
428
524
589
506
420
502
597
534
428
483
582
530
435
473
572
540
437
457
560
563
466
447
550
584
491
436
528
587
509
426
506
589
524
426
495
593
529
430
483
579
533
446
473
566
552
451
447
542
564
477
440
533
580
489
419
507
594
516
403
487
593
530
436
487
587
543
442
478
581
562
451
463
560
574
472
441
536
584
495
434
518
585
505
422
501
593
531
430
489
591
545
442
482
582
552
454
463
561
567
466
445
537
567
478
426
524
587
497
418
499
593
517
418
484
588
531
429
481
585
541
442
467
570
564
468
460
558
572
479
440
543
588
502
437
524
607
533
436
499
600
541
433
486
579
534
436
470
575
562
456
458
550
563
470
445
547
592
504
438
527
596
518
436
511
611
528
421
485
586
530
428
474
582
551
456
469
570
574
472
461
556
593
500
447
533
591
504
435
520
599
529
431
499
612
544
438
487
592
555
454
472
582
568
455
457
557
585
477
443
531
581
487
424
506
591
520
424
493
589
535
428
484
587
538
434
460
573
561
456
465
571
573
473
447
544
587
491
431
522
599
527
439
507
594
530
423
490
596
538
431
466
577
548
434
451
565
562
471
452
543
582
498
435
527
599
511
425
515
601
521
419
487
594
537
435
492
596
563
460
486
582
573
471
459
549
578
479
439
538
598
509
425
517
605
525
434
501
604
547
440
496
586
540
436
469
575
554
451
460
568
568
469
452
543
591
504
434
528
602
524
437
498
603
525
428
497
600
544
437
474
585
562
451
470
564
567
465
446
546
582
485
428
535
601
512
424
502
592
519
422
491
599
538
439
485
586
554
445
477
578
574
469
462
564
578
482
434
525
595
506
430
511
599
524
423
498
595
533
429
493
602
561
447
468
578
556
452
457
565
575
479
448
539
588
498
432
525
602
517
421
501
590
521
419
489
591
541
446
482
584
557
448
466
566
576
475
444
552
579
477
424
522
599
517
423
507
605
530
438
503
610
542
438
485
589
550
440
470
572
566
458
458
559
586
490
449
538
595
509
441
537
613
527
431
507
603
531
437
500
595
550
454
491
588
573
465
456
562
580
478
449
546
591
497
425
523
615
528
427
497
595
527
428
492
602
549
442
485
594
566
457
464
566
560
462
440
546
578
480
426
522
594
503
413
499
606
529
428
491
604
546
428
483
589
560
440
455
564
559
456
460
562
581
480
439
534
596
498
424
517
594
521
421
490
595
531
428
484
589
541
434
470
583
563
452
461
564
574
480
447
545
598
500
432
514
586
506
418
499
605
537
427
486
586
537
427
465
577
545
450
456
560
563
474
447
528
558
472
422
524
590
505
418
500
594
521
421
491
596
534
440
492
598
543
438
458
569
562
455
450
559
578
476
434
533
591
497
431
517
602
524
428
492
594
529
415
469
579
530
425
463
569
543
432
448
567
561
451
423
520
576
485
414
495
579
501
405
491
593
526
414
473
584
541
428
465
579
552
454
468
565
563
464
438
539
578
479
425
522
589
498
416
495
590
521
418
483
587
531
437
483
580
537
431
457
566
553
448
447
550
580
474
440
541
599
494
418
506
589
512
422
498
602
542
433
494
589
542
435
473
574
559
453
455
561
573
475
457
555
589
486
433
526
609
535
437
508
602
528
435
493
601
546
441
479
585
560
452
466
574
571
476
453
548
586
490
438
528
599
508
424
509
597
522
423
488
589
533
424
471
584
546
442
468
576
566
462
460
562
577
476
435
532
586
494
421
512
603
522
425
498
596
531
423
476
583
531
427
469
572
550
450
452
550
556
464
431
533
581
490
427
508
587
514
421
503
594
520
418
477
589
540
434
479
579
549
445
448
561
567
465
446
547
586
478
424
514
580
494
416
505
596
518
414
487
589
530
424
475
583
543
439
469
563
556
463
439
544
572
474
426
526
579
491
426
507
602
513
422
496
599
534
423
489
593
544
438
469
580
563
447
459
564
574
471
447
548
589
483
423
517
593
508
417
484
588
523
419
481
592
535
427
475
584
551
437
463
567
569
467
442
543
579
477
428
524
589
501
416
506
598
521
426
483
592
536
424
472
579
545
436
465
575
563
459
454
560
577
478
440
536
586
494
419
509
597
519
420
496
600
525
424
483
583
545
441
488
588
555
445
453
549
557
457
436
540
584
485
424
521
605
510
423
494
582
515
411
471
579
526
420
469
575
548
439
460
561
565
457
443
545
577
476
430
526
589
503
423
505
599
522
421
491
589
536
429
482
585
548
441
469
571
567
474
465
549
558
458
420
518
574
476
397
489
576
500
409
484
592
531
422
471
574
531
424
463
570
548
437
449
559
577
473
438
535
580
488
424
517
595
514
424
499
594
524
423
484
581
533
427
477
580
553
443
455
562
565
463
445
543
577
478
422
521
599
514
420
505
584
516
417
482
586
536
431
477
581
547
445
468
568
560
463
457
560
583
485
438
540
603
512
441
525
601
524
428
494
598
537
432
489
593
549
443
478
583
562
461
464
565
583
477
446
545
594
499
436
520
594
517
424
495
592
527
432
491
594
541
431
476
573
545
448
458
560
563
466
443
536
578
486
427
527
596
502
422
505
597
524
423
491
597
534
422
476
582
548
438
464
569
561
462
451
552
574
473
432
531
586
499
416
504
592
517
423
492
600
532
428
492
597
552
443
483
595
578
455
444
543
557
460
424
528
582
487
426
513
594
506
418
492
597
526
418
486
587
526
424
473
574
547
443
460
559
561
456
436
536
573
478
430
524
597
506
420
502
594
521
424
493
596
538
433
478
576
543
447
471
570
556
456
443
541
570
483
441
529
586
493
412
504
593
519
432
499
591
527
428
478
586
546
449
478
582
557
446
448
551
571
471
442
534
584
485
429
522
595
517
425
504
601
533
423
480
588
538
435
479
581
553
451
469
570
569
472
457
555
595
495
444
533
608
508
431
512
605
523
427
498
598
534
435
481
580
550
450
469
567
557
455
462
553
571
480
441
533
585
500
432
519
603
524
423
497
594
526
427
481
590
542
438
471
568
557
468
466
561
564
464
442
539
585
490
435
518
595
519
432
504
601
533
434
496
596
538
432
469
584
553
452
465
557
561
464
457
544
576
485
434
527
599
506
419
502
595
526
422
500
599
536
439
484
588
550
450
467
564
553
455
443
547
569
473
439
540
602
503
427
508
593
518
420
492
595
531
426
480
592
546
444
479
588
572
459
457
557
567
464
436
534
582
490
419
512
590
515
428
503
598
525
419
484
582
529
434
469
565
543
440
459
565
568
467
447
548
579
490
436
526
590
502
420
503
588
520
422
490
593
534
430
480
582
546
433
468
576
568
459
457
556
577
477
439
535
594
503
434
524
606
531
433
504
608
541
438
494
594
548
444
480
587
571
465
471
570
581
481
450
551
592
501
434
526
597
510
414
492
589
528
421
485
593
542
435
479
583
552
442
462
566
565
462
444
546
583
486
432
527
594
505
424
507
599
528
438
494
593
533
433
486
602
562
451
472
579
569
464
468
569
591
487
447
547
599
509
437
530
611
529
435
506
599
534
432
496
606
562
452
489
604
572
458
469
570
582
473
451
552
600
500
438
523
601
514
421
500
600
539
423
476
582
524
435
484
592
558
448
469
575
560
449
433
532
564
460
403
508
579
494
416
503
593
528
429
496
603
534
425
471
575
540
439
464
576
569
454
453
554
577
476
435
540
600
503
425
515
599
517
424
495
595
525
424
483
588
540
439
473
583
554
449
455
561
564
469
445
545
591
495
433
529
604
514
426
521
624
538
423
473
559
508
399
447
556
520
414
441
548
548
449
440
537
573
472
424
524
591
497
416
500
589
520
419
486
599
541
438
494
600
558
445
474
577
566
453
446
557
574
463
426
529
576
492
419
508
596
519
429
497
596
532
426
483
590
542
434
463
569
553
447
457
561
567
466
444
545
588
495
431
522
601
512
418
497
605
544
428
485
584
533
429
469
575
545
438
461
562
554
444
441
544
577
479
430
529
594
506
423
507
602
484
422
525
596
509
415
496
594
527
411
488
600
542
420
467
583
544
6
437
449
561
575
462
439
542
590
484
422
525
596
509
415
496
594
527
411
488
600
542
420
467
583
544
430
451
561
556
439
420
552
587
473
421
527
597
493
415
504
606
524
415
496
613
545
432
486
592
548
437
475
588
562
447
452
557
576
466
424
543
607
499
412
518
606
510
402
491
606
527
423
496
602
538
417
480
598
568
463
466
567
574
465
441
554
600
496
422
524
609
517
425
515
618
539
428
505
638
579
470
524
646
652
578
602
663
569
393
410
516
476
371
341
478
566
479
400
522
660
609
541
617
650
486
381
461
605
580
431
411
539
525
424
435
556
575
482
455
556
594
510
439
529
589
505
419
517
649
600
488
499
585
544
410
426
552
537
422
434
563
573
472
442
574
623
499
435
530
616
529
422
497
599
527
415
486
617
571
454
498
605
532
424
450
566
573
459
456
566
599
475
412
519
593
491
410
505
599
518
405
483
597
525
407
461
580
529
414
449
570
557
437
435
549
577
471
439
547
605
493
416
511
606
508
412
498
602
523
412
478
591
541
431
472
584
558
444
451
564
565
458
442
554
592
496
433
521
614
521
424
512
616
529
418
479
599
549
441
482
593
565
447
467
576
567
461
452
555
588
475
428
530
600
506
431
521
612
539
439
506
611
550
436
486
601
563
447
473
585
567
457
452
566
584
480
444
538
594
504
431
520
601
523
413
491
597
523
425
473
591
552
436
493
593
559
451
442
550
559
450
435
526
576
474
423
520
594
505
410
487
599
523
418
479
583
530
417
468
573
557
442
448
561
561
452
437
542
580
470
418
524
591
490
415
498
601
526
419
481
591
522
416
473
591
566
451
462
573
550
439
442
546
580
463
427
539
608
495
417
502
590
510
408
487
600
534
424
486
600
560
438
464
573
565
459
464
568
575
474
443
554
591
471
413
515
608
518
416
499
596
534
428
490
602
540
433
489
596
373
540
553
367
0
385
549
614
447
366
513
603
463
358
473
598
493
355
438
577
500
351
392
548
511
354
373
540
553
367
411
555
631
485
391
518
635
528
390
489
616
528
383
441
617
543
392
414
566
539
387
382
521
580
389
345
513
599
451
363
489
648
470
365
488
647
538
384
476
617
550
397
439
614
595
421
420
577
597
427
386
556
627
477
395
538
636
507
399
514
646
539
402
492
647
586
427
474
635
609
439
459
636
641
476
441
609
668
516
443
587
674
549
442
567
704
584
440
535
675
608
458
515
685
634
479
495
641
655
479
477
634
664
508
496
601
676
584
476
577
666
569
415
515
659
594
499
505
708
643
504
451
674
645
427
434
605
641
469
429
594
662
524
489
544
662
540
417
524
658
594
462
528
638
585
438
489
644
633
455
447
619
637
485
435
615
671
522
419
571
661
551
451
539
651
547
423
513
672
620
488
549
685
667
483
487
666
694
506
479
630
667
505
439
582
662
532
440
549
668
564
439
530
670
604
447
499
662
615
466
496
687
672
518
421
618
662
453
410
598
705
532
414
549
673
545
407
507
645
549
395
468
624
576
417
445
611
604
440
427
597
634
455
393
575
642
500
412
559
671
561
457
576
693
630
473
550
685
638
502
513
687
654
483
487
664
684
513
458
621
689
527
444
591
682
551
436
555
684
576
436
524
681
634
456
514
679
646
467
486
655
663
497
460
615
668
515
442
594
680
544
422
556
678
585
449
537
670
606
458
490
642
612
472
487
641
656
464
435
602
646
485
449
603
664
506
425
570
674
549
431
536
658
561
425
500
665
615
454
478
644
633
457
453
622
659
496
441
603
676
503
418
558
665
540
424
540
670
559
424
505
658
602
443
484
651
624
450
450
627
649
482
434
587
661
523
444
579
682
545
436
550
683
583
439
518
671
606
447
486
668
633
465
460
621
635
463
433
606
650
486
419
565
659
531
420
534
655
544
411
505
656
573
425
472
639
609
438
452
617
619
444
419
592
641
478
419
579
658
510
405
534
649
526
396
497
637
547
400
460
614
572
420
459
619
597
430
413
579
613
446
394
559
631
481
399
532
634
500
387
492
618
528
392
472
623
568
414
452
617
589
420
423
597
625
459
419
590
656
506
429
563
648
501
389
525
649
550
419
509
651
579
428
474
642
611
435
440
602
624
459
423
590
652
495
418
568
661
523
430
563
671
565
435
529
672
586
440
495
659
622
466
487
652
639
459
432
600
658
493
426
579
663
520
427
562
670
552
416
513
649
573
443
503
661
612
454
487
643
628
454
442
608
641
471
412
580
653
505
419
546
653
529
412
521
653
565
429
498
648
604
444
483
649
612
444
444
616
644
474
433
600
664
504
424
566
660
542
427
527
652
547
409
496
643
580
436
482
647
615
441
446
611
631
460
420
588
644
481
406
557
655
517
410
534
649
533
405
504
629
545
395
448
605
560
392
406
568
568
394
361
534
587
420
359
516
602
474
383
510
627
515
397
510
651
562
417
482
647
614
443
471
629
625
460
447
618
661
486
424
584
661
513
431
573
677
557
437
545
669
577
437
516
667
610
449
487
654
639
477
471
630
657
485
440
598
659
499
416
557
663
545
426
536
665
567
431
512
660
588
430
476
639
610
443
453
622
646
476
443
596
650
495
420
569
656
510
405
529
654
540
404
482
627
548
403
456
611
580
419
440
604
598
421
392
565
611
450
383
540
623
475
377
506
620
512
382
474
607
524
380
441
592
548
384
425
596
570
382
357
527
547
378
316
470
548
388
300
421
514
398
282
376
513
416
282
352
506
461
298
342
520
513
347
347
527
561
402
354
521
598
450
373
519
625
507
400
521
652
559
427
508
664
595
441
487
650
622
456
470
645
659
490
446
617
683
520
446
601
684
536
440
560
681
575
441
520
665
600
454
522
691
641
479
512
684
676
498
459
626
670
508
433
587
666
529
425
549
661
541
416
510
644
569
435
496
628
580
408
441
607
516
332
318
480
504
348
298
475
550
392
305
461
606
468
364
501
613
523
382
472
595
551
393
444
605
602
437
433
616
647
474
430
609
668
514
441
574
693
553
422
529
667
564
436
509
654
596
443
493
653
625
458
460
636
658
487
443
607
670
526
446
597
686
559
452
546
663
557
418
499
640
569
422
482
641
605
450
454
627
635
470
434
588
644
480
402
561
644
490
373
508
621
505
355
450
585
511
339
423
556
514
336
371
542
543
385
352
513
573
411
352
505
589
444
359
502
622
509
376
483
627
537
393
466
624
576
422
453
616
608
443
442
614
642
473
428
600
658
493
413
553
651
521
413
529
658
568
434
509
644
670
446
505
637
616
448
446
615
630
484
462
586
665
545
418
555
643
521
422
546
635
522
391
482
619
550
403
468
635
591
426
443
611
620
458
447
580
626
467
407
568
642
500
405
534
657
536
409
506
638
562
415
468
630
590
433
446
613
614
446
434
595
632
453
395
561
639
490
406
540
645
524
403
508
648
570
428
503
658
599
437
480
649
640
473
467
632
662
487
440
605
665
524
435
558
663
537
420
538
659
564
427
506
656
589
424
469
622
603
449
440
604
626
461
425
594
655
497
419
565
656
525
411
529
647
541
407
491
634
560
406
461
625
589
423
440
609
616
451
424
584
631
471
404
561
643
500
398
522
634
527
399
495
631
558
417
475
626
584
420
450
615
614
443
427
590
624
460
395
557
635
492
393
531
637
523
406
503
637
553
407
478
630
584
415
450
612
602
437
425
588
618
458
411
574
644
490
407
547
641
519
407
515
639
538
399
481
631
566
413
454
621
593
424
431
598
614
434
400
572
631
476
400
544
634
500
391
509
632
531
402
489
625
556
404
458
617
586
418
432
601
608
439
414
578
626
460
390
542
633
496
399
515
632
521
401
510
642
560
403
466
634
586
428
472
646
654
498
485
587
634
463
385
528
617
480
395
518
651
576
467
635
750
573
419
427
568
497
333
368
546
551
400
393
561
597
433
387
552
625
472
385
528
634
507
391
507
636
530
394
470
619
555
401
453
615
597
420
431
595
626
464
433
592
650
495
418
563
654
518
410
529
650
542
406
496
641
570
418
471
628
591
433
451
617
630
465
439
603
655
498
427
580
656
511
418
547
651
523
398
498
630
546
397
461
620
579
420
437
600
596
432
410
577
622
468
403
557
631
508
401
533
629
515
391
513
640
565
402
482
689
567
396
438
611
594
427
418
589
615
447
396
561
622
470
395
537
633
503
393
506
631
536
405
482
620
548
391
435
602
590
422
414
581
602
425
394
554
616
457
390
550
654
502
393
518
645
539
425
486
619
562
420
469
673
610
404
452
594
602
431
403
566
623
446
378
529
620
477
367
488
604
491
369
470
604
527
382
449
598
558
398
421
580
574
411
401
570
615
446
378
536
617
464
363
478
584
470
352
446
581
493
360
439
586
537
384
416
579
568
394
382
552
591
427
375
527
596
459
381
511
590
478
373
495
610
521
371
457
630
596
390
446
618
582
425
433
622
615
431
392
565
628
459
384
540
630
492
389
507
631
526
397
487
627
559
408
459
615
582
424
441
614
622
462
438
610
659
495
426
583
668
520
428
557
673
554
432
528
663
581
430
492
646
610
452
461
628
622
461
435
608
652
467
408
597
655
485
412
548
652
509
409
516
682
568
406
475
630
583
414
445
608
590
424
416
583
610
443
393
553
617
466
381
524
625
496
388
507
632
535
407
482
625
568
412
457
615
589
416
424
590
608
435
417
579
632
469
395
546
640
512
395
510
634
525
399
488
629
560
411
456
612
576
427
445
607
625
461
417
584
629
462
395
550
631
487
392
528
640
523
394
501
629
561
404
467
623
573
409
423
588
586
417
403
565
600
435
390
556
630
477
386
526
635
514
401
508
635
539
402
471
636
573
414
441
602
595
422
417
588
620
450
402
563
629
476
388
536
634
504
390
501
625
529
387
460
605
540
400
432
587
569
385
382
544
559
383
339
504
563
415
343
498
590
456
342
462
598
493
372
448
598
544
392
428
593
564
396
420
590
602
454
421
586
642
478
418
574
655
513
417
548
668
550
418
535
668
576
439
501
658
616
450
469
631
623
455
437
600
644
477
420
581
656
513
419
557
664
543
420
515
647
564
417
484
636
583
437
467
609
588
421
406
568
597
432
387
542
618
457
374
507
612
492
372
499
632
537
400
473
614
558
407
454
621
599
436
443
606
621
451
413
578
640
482
403
551
639
507
408
529
661
539
387
488
635
556
406
450
596
548
375
395
560
575
405
370
537
594
438
383
528
615
480
384
510
625
505
382
484
622
539
407
464
612
574
409
434
608
605
433
411
578
615
464
413
564
646
496
402
528
627
506
390
496
641
553
415
469
623
577
420
447
621
610
447
422
583
613
451
405
570
640
495
405
542
641
528
407
517
640
537
399
479
626
574
415
444
606
594
428
428
598
609
445
406
574
632
467
394
540
638
511
401
507
630
530
395
478
617
548
399
455
613
581
421
433
595
597
425
402
572
622
463
397
550
634
486
382
500
616
513
389
484
625
551
407
459
620
589
412
428
593
593
432
410
580
624
471
398
561
645
493
391
526
642
518
398
500
632
542
411
470
623
574
408
430
595
589
430
418
589
621
466
409
554
631
481
389
528
642
516
400
508
634
538
402
478
630
584
426
463
625
607
431
428
599
624
450
401
567
632
470
400
537
637
515
395
510
636
536
404
488
629
564
407
461
611
586
429
435
610
610
427
387
567
634
470
382
520
602
463
346
470
599
496
357
443
576
504
355
400
550
513
350
368
534
553
387
369
540
599
444
377
535
627
492
399
522
642
532
408
510
650
568
419
489
639
597
435
467
636
639
471
454
614
652
491
431
594
676
522
436
568
672
553
430
535
678
575
431
504
659
593
443
473
632
615
465
459
619
649
482
431
585
652
496
415
563
657
528
414
524
651
554
428
507
642
571
408
447
624
604
407
401
585
599
418
378
530
566
423
336
480
577
433
350
461
596
493
364
458
608
545
387
428
587
556
389
410
580
595
430
406
581
628
464
389
526
610
461
364
505
625
504
387
499
634
550
410
466
621
573
411
433
602
595
436
401
564
596
435
391
550
619
464
385
524
633
500
382
488
627
540
391
470
622
567
407
442
613
598
435
421
583
604
439
400
558
630
482
396
528
638
508
393
504
635
536
404
480
632
567
417
459
614
588
421
425
587
606
445
413
587
635
469
396
546
647
517
396
527
644
534
397
490
638
565
415
466
619
577
411
431
599
610
441
410
577
624
472
408
550
634
498
393
515
628
523
397
491
616
535
399
459
610
564
393
408
575
576
421
402
541
571
411
351
501
577
421
325
462
577
457
330
427
558
468
333
408
560
512
344
373
529
518
368
363
540
564
384
336
505
572
423
350
491
605
472
341
449
590
491
361
447
592
534
383
435
599
568
411
406
575
606
438
398
560
625
465
387
540
632
479
376
495
617
523
392
490
634
551
392
431
587
574
406
425
594
591
426
410
584
635
470
388
535
602
464
383
493
613
507
389
473
601
528
392
455
614
558
394
426
576
575
408
385
563
603
430
387
564
633
487
403
536
664
530
402
500
642
550
403
474
625
569
424
459
619
621
445
451
609
636
468
415
579
660
499
402
545
655
531
411
530
660
570
427
495
645
586
425
458
624
600
439
438
594
615
426
390
558
629
463
380
532
626
497
382
496
631
533
403
497
630
551
406
449
619
588
411
409
583
607
424
403
591
646
482
410
5683
604
370
418
659
632
389
396
632
1
668
437
347
584
711
487
347
534
697
519
341
492
684
551
354
463
683
604
370
418
659
632
389
396
632
671
430
361
595
689
475
349
552
697
514
351
505
690
551
357
475
684
588
368
439
665
620
396
404
650
666
414
370
607
684
443
330
535
677
473
302
468
641
484
306
422
614
495
287
359
586
535
304
343
589
601
366
329
577
656
427
339
586
703
501
360
543
703
537
361
504
705
588
394
493
701
629
404
430
671
655
405
379
608
661
413
348
570
675
452
327
524
681
511
344
500
686
562
367
477
697
600
378
432
659
625
384
388
620
650
415
356
587
678
455
344
549
687
492
335
501
678
532
346
470
675
573
360
424
657
623
389
406
633
650
413
374
606
676
441
342
552
685
487
336
513
686
524
339
476
679
558
348
423
652
589
360
386
625
619
380
344
591
652
420
338
562
673
469
337
517
679
509
336
480
670
554
348
450
664
591
370
415
637
610
380
366
594
634
405
330
564
662
448
326
529
672
490
321
483
653
518
333
442
646
569
352
408
645
612
380
389
617
644
413
366
593
684
458
335
544
679
486
342
516
680
546
355
477
678
584
370
433
663
615
385
402
631
645
404
370
601
675
446
348
562
688
488
348
519
685
516
350
479
669
559
370
450
672
593
364
407
636
630
411
389
610
663
435
345
571
672
464
332
515
654
490
314
446
633
503
297
397
614
538
331
375
596
575
350
343
574
600
385
328
552
641
427
308
505
662
484
318
496
661
527
336
465
682
589
362
437
670
637
397
408
627
654
432
372
607
678
466
350
560
684
492
355
528
705
550
356
496
702
595
377
453
668
619
391
424
661
660
413
381
630
681
463
369
591
699
491
347
537
710
544
365
499
688
571
376
452
675
608
387
416
655
638
414
386
624
667
439
364
590
690
474
344
547
691
518
340
499
685
563
361
459
679
604
382
441
664
626
401
391
629
654
436
372
597
692
477
354
551
692
507
350
510
686
542
348
478
693
597
379
434
656
612
386
386
619
653
417
365
611
676
434
347
561
674
503
358
543
689
520
352
483
683
571
365
449
659
602
368
405
622
629
388
348
576
640
408
327
538
644
434
313
478
632
464
290
435
636
505
319
413
632
573
343
378
614
604
380
369
600
635
410
345
574
677
468
348
542
689
504
347
511
694
548
366
470
677
592
365
433
660
622
400
405
638
662
411
357
603
671
463
354
560
695
510
359
528
695
539
367
487
676
588
364
448
667
622
392
402
637
649
409
384
611
684
459
356
557
680
487
343
531
688
521
353
484
687
559
372
449
673
601
360
398
636
631
383
375
616
667
424
348
559
675
463
327
504
680
515
340
486
683
561
341
454
669
592
356
422
652
629
399
385
617
666
424
356
597
699
467
348
551
683
496
343
510
691
546
354
467
684
579
362
426
658
632
390
388
630
651
416
362
600
680
451
339
544
684
494
345
509
680
535
352
479
688
576
351
437
665
611
378
399
646
637
408
372
615
668
431
328
567
691
484
342
520
683
514
341
475
671
542
349
444
664
602
383
417
648
639
398
381
613
661
427
333
564
678
462
333
530
677
496
326
484
676
542
340
443
678
593
367
418
650
623
384
387
624
647
420
356
595
676
452
340
549
692
509
348
507
685
545
356
474
677
574
362
424
655
619
379
389
626
643
411
371
607
675
449
342
558
678
482
334
518
674
516
340
477
674
561
351
432
658
604
377
409
639
631
396
363
597
654
426
341
567
676
469
333
523
683
520
345
489
676
551
350
446
657
583
360
405
641
617
388
374
610
649
411
336
574
675
462
338
535
684
498
338
500
678
539
340
459
676
586
360
419
653
624
389
387
631
659
422
364
590
678
448
339
544
676
486
331
501
681
534
345
466
675
577
355
427
664
614
376
394
633
646
407
368
600
671
441
347
569
689
481
346
485
696
579
357
445
685
625
381
409
661
660
403
369
623
685
441
351
586
702
0
499
344
530
714
544
346
485
696
579
357
445
685
625
381
409
661
660
403
369
623
685
441
351
586
702
0
499
344
530
714
544
346
485
696
579
357
445
685
625
381
409
661
660
403
369
623
685
441
351
586
702
479
332
535
703
525
333
489
697
567
348
450
686
608
366
410
658
641
396
380
629
677
427
349
594
697
464
336
538
703
515
326
495
695
557
342
461
689
601
359
418
656
633
376
377
628
660
396
327
584
685
449
324
546
694
491
315
498
693
535
332
453
679
579
349
422
659
607
359
369
614
624
375
317
555
626
375
257
498
629
402
248
434
616
441
240
387
615
507
286
368
614
554
318
362
613
612
357
326
586
659
416
324
561
683
464
311
517
697
517
328
491
697
563
344
441
681
603
350
396
652
651
389
367
631
665
406
336
570
683
450
322
544
713
527
348
510
708
564
344
464
692
600
379
435
679
647
399
408
652
683
436
372
624
714
465
341
562
721
523
349
518
708
554
355
479
699
587
361
431
677
649
377
382
641
653
400
364
610
680
435
335
560
695
486
329
523
703
540
344
500
725
599
370
452
691
637
379
423
675
667
410
378
631
695
444
346
574
698
478
334
536
695
514
326
474
685
549
331
438
671
593
353
402
652
627
372
354
616
667
416
332
572
674
447
319
531
687
497
325
489
695
545
332
444
669
573
342
405
657
621
370
367
628
657
397
341
590
680
441
326
552
698
495
324
506
692
529
330
468
685
577
334
417
664
614
363
381
635
651
398
354
604
680
428
327
560
691
481
323
514
692
523
333
478
683
560
330
429
662
606
360
389
644
632
371
347
608
673
416
326
564
678
456
317
518
684
505
317
475
681
549
332
441
673
595
356
400
647
613
369
360
610
663
408
332
574
678
446
320
534
688
501
325
497
690
545
336
447
681
599
361
423
669
632
383
383
647
677
410
350
601
694
450
336
557
699
495
336
511
706
545
342
475
691
580
353
437
675
624
371
396
654
669
415
372
625
701
452
349
583
713
493
337
525
710
536
350
503
709
583
358
451
686
621
371
409
656
650
398
364
620
682
434
348
585
698
472
326
534
698
521
336
498
697
549
332
444
679
596
346
397
645
625
373
365
621
660
407
336
586
688
454
331
546
696
501
328
499
693
538
327
456
683
587
353
419
658
620
369
382
634
654
399
355
613
692
447
329
555
695
497
331
516
701
537
333
464
677
568
339
421
656
609
364
386
644
644
386
355
603
676
421
326
560
680
459
319
515
690
519
317
471
676
548
333
433
668
593
344
389
643
636
384
364
621
672
418
337
584
683
458
320
527
693
503
323
489
684
541
328
444
674
589
343
400
649
617
371
369
619
659
403
338
590
683
442
320
539
690
494
320
488
682
527
319
458
677
576
352
418
668
625
375
389
645
658
406
359
613
692
438
330
565
694
483
325
522
700
533
340
481
690
577
353
444
687
625
369
404
654
651
406
373
623
689
438
345
593
716
485
343
547
715
532
345
503
708
579
348
462
688
620
374
423
671
653
400
390
641
682
426
349
595
708
475
342
555
706
516
337
502
699
553
343
467
691
593
359
427
675
640
385
392
639
670
418
355
608
696
447
342
567
699
495
339
518
702
543
341
473
689
586
351
431
666
620
370
393
650
657
399
359
611
685
440
339
570
694
470
311
508
687
512
321
453
658
539
309
402
634
566
322
351
601
591
335
315
577
632
384
295
537
658
427
294
513
670
489
312
466
671
534
318
433
666
592
349
407
660
634
385
375
635
679
429
356
597
702
465
340
552
712
514
339
511
701
550
341
465
688
586
353
425
672
631
386
398
652
673
425
367
619
704
461
354
580
721
511
349
528
715
553
350
500
717
597
373
446
681
623
378
404
658
663
407
371
623
687
439
345
40
558
588
482
439
538
598
499
435
516
602
530
437
500
598
538
437
476
7
575
549
453
463
570
576
463
440
558
588
482
439
538
598
499
435
516
602
530
437
500
598
538
437
476
582
5
549
453
463
570
576
463
440
558
588
482
439
538
598
499
435
516
602
530
437
500
598
538
437
476
582
553
454
468
579
577
463
453
566
591
477
435
546
594
491
429
520
592
513
438
507
593
533
440
490
592
553
440
456
566
559
447
443
554
574
464
428
540
589
487
430
527
598
513
432
502
590
521
428
483
581
536
434
464
581
561
454
457
569
580
475
448
556
590
480
425
522
588
496
417
496
578
513
429
493
587
534
433
471
578
551
442
454
564
566
448
435
553
585
473
420
528
589
492
421
514
598
520
439
500
590
531
434
476
583
550
441
462
574
567
458
447
563
585
469
433
542
597
495
434
530
600
513
440
516
604
538
439
488
585
553
443
470
580
564
451
450
567
580
468
441
554
599
490
439
532
599
512
434
518
595
527
433
492
589
546
443
479
585
561
449
458
575
577
471
444
555
591
481
432
536
594
501
428
507
591
516
434
502
597
540
439
479
584
554
448
465
576
572
457
438
553
584
470
430
537
590
496
428
522
595
514
430
504
594
537
443
490
583
554
444
467
576
567
456
448
559
584
467
436
544
585
483
429
526
596
510
429
508
594
527
435
490
588
547
443
473
585
573
458
456
567
582
467
441
550
588
477
427
526
592
505
431
506
581
519
427
486
582
532
436
468
577
556
446
455
567
575
456
439
548
584
479
433
534
591
495
424
512
588
513
428
496
589
542
444
483
584
552
444
462
575
570
458
444
560
584
471
434
542
589
491
430
523
598
516
436
509
598
529
437
488
590
548
437
463
573
562
452
454
566
582
467
443
552
597
490
431
528
590
506
430
503
589
521
434
491
585
537
439
473
582
566
450
458
571
580
470
447
559
592
482
434
534
591
501
434
513
590
517
435
499
592
538
435
475
582
553
446
454
566
561
455
446
562
591
476
437
542
597
501
438
525
596
517
433
501
589
533
439
490
591
556
444
461
572
562
457
447
558
581
475
442
545
594
494
434
524
586
509
433
505
594
529
428
496
593
549
443
469
585
565
455
456
565
569
466
436
544
580
475
420
524
586
506
432
508
595
524
434
495
584
536
439
476
581
554
445
453
568
574
466
447
560
593
484
438
544
599
513
444
528
601
525
434
509
595
541
443
482
586
552
450
467
570
570
461
449
559
581
471
439
540
586
486
426
520
595
513
436
503
590
531
440
492
587
549
445
464
577
563
453
449
561
576
465
440
548
592
491
437
534
599
508
437
511
588
523
432
487
584
537
442
469
580
558
451
454
565
573
462
442
553
589
481
434
532
593
501
427
514
600
527
437
504
595
537
441
479
586
557
444
458
573
566
458
446
556
582
479
442
540
595
497
434
523
598
511
428
500
588
536
441
485
584
543
439
462
579
571
461
456
569
586
473
440
543
585
485
431
528
598
509
434
507
594
524
435
492
589
541
439
463
576
563
456
461
567
575
464
443
557
597
487
433
532
586
503
430
510
592
518
434
495
587
534
433
472
580
552
446
461
569
570
461
447
555
588
477
438
543
598
498
433
513
592
511
426
496
586
527
431
473
577
546
440
462
572
566
452
441
550
573
458
428
540
588
495
433
526
596
509
429
503
588
529
433
482
584
541
436
465
574
557
448
454
561
568
457
429
541
580
474
425
526
589
504
430
506
590
521
433
489
595
547
443
477
588
557
448
455
571
577
460
438
553
588
475
431
533
591
496
430
513
593
516
432
498
592
537
436
476
584
553
441
462
570
564
450
444
560
584
476
436
543
590
492
430
521
597
515
435
507
595
530
434
486
588
546
440
468
581
565
455
452
571
580
469
443
553
596
486
434
533
597
512
432
513
601
528
350
495
645
518
359
482
663
553
380
466
687
653
467
504
728
711
499
494
714
762
524
443
635
726
547
397
549
680
534
376
501
663
540
343
425
620
543
341
363
589
581
378
368
607
622
400
346
565
644
443
337
495
638
478
358
474
643
528
339
448
654
573
366
413
613
583
375
383
605
632
403
359
573
655
479
370
574
669
511
428
574
697
522
344
453
633
533
333
408
609
572
379
403
606
641
426
384
593
665
460
374
575
675
507
374
527
663
531
384
486
677
574
372
445
650
602
392
417
636
629
426
393
605
646
430
351
558
663
477
364
520
658
514
375
506
643
520
342
439
636
565
366
404
616
595
392
394
597
632
380
332
548
641
456
353
572
681
499
346
489
671
515
340
448
634
555
365
426
630
596
391
413
626
644
426
391
602
672
476
378
568
681
514
386
526
679
536
368
476
658
558
377
453
629
604
391
409
617
627
419
383
598
657
443
368
566
673
491
364
523
668
524
365
489
656
567
392
476
668
616
422
433
630
622
416
401
611
656
439
375
569
664
483
365
535
669
523
359
491
661
545
367
457
642
583
375
421
629
600
393
392
596
628
406
343
546
630
427
305
487
600
424
311
499
599
429
258
356
554
479
286
367
563
514
306
312
520
534
329
289
511
588
402
298
495
605
433
313
472
615
478
306
424
608
513
320
408
614
565
352
358
559
564
357
328
539
601
407
324
513
610
444
331
499
645
512
356
474
634
538
377
454
645
589
383
427
652
672
482
420
582
627
436
372
576
685
480
374
543
681
532
390
527
693
568
397
490
677
595
387
442
636
594
385
393
604
629
399
377
601
630
421
331
515
625
471
324
469
616
486
327
435
613
524
352
427
628
611
411
437
649
655
450
411
620
674
462
379
570
676
502
377
541
692
555
405
538
713
619
436
520
716
653
455
483
687
664
443
422
630
677
473
408
611
703
515
403
575
711
558
406
537
703
578
403
493
679
604
410
461
658
636
430
428
637
657
451
401
604
679
476
379
562
691
520
376
522
681
549
385
482
658
575
383
440
641
602
395
400
606
617
412
368
572
631
426
325
530
641
457
327
472
616
483
314
433
607
512
322
406
596
553
354
374
592
615
403
373
580
632
415
347
561
664
485
364
530
670
526
378
513
683
572
393
485
696
631
416
445
650
640
434
423
635
673
463
400
603
691
500
393
564
693
533
392
533
694
571
396
498
684
602
403
452
652
623
422
429
639
661
447
392
593
673
475
378
562
679
510
380
525
681
545
378
489
663
569
379
451
659
609
386
422
633
632
428
394
608
668
457
370
563
668
489
366
524
672
533
382
506
675
565
384
464
659
605
399
428
637
626
417
397
608
655
447
380
579
671
481
364
535
673
523
368
503
668
550
373
466
656
582
385
435
641
617
399
397
615
648
436
379
580
655
460
357
541
662
496
354
499
657
533
364
467
649
568
382
439
640
613
402
411
616
627
418
380
587
655
453
363
550
664
491
358
520
667
528
359
483
658
562
375
449
647
597
395
423
627
629
418
385
603
675
443
352
575
654
475
380
523
658
516
371
483
646
544
365
452
645
574
376
417
623
613
407
392
605
653
443
378
581
668
471
369
555
677
515
367
503
664
542
366
466
652
579
388
438
643
613
404
404
615
646
439
381
589
658
460
366
553
673
498
361
511
659
533
366
470
651
569
376
436
637
596
396
415
618
630
425
388
595
656
459
370
567
672
499
374
530
669
520
362
490
661
552
364
446
644
589
383
413
619
618
413
392
608
649
438
364
566
657
468
356
526
665
509
356
488
658
543
367
462
651
581
379
428
629
606
403
401
610
642
430
367
579
645
462
368
548
667
497
375
515
653
525
352
462
644
569
369
427
635
586
386
406
613
628
419
380
579
654
457
373
561
671
492
359
514
668
531
364
480
647
571
390
461
653
599
394
418
624
624
417
666
523
361
486
655
547
373
454
662
602
387
419
618
602
402
392
610
644
0
441
368
558
654
477
361
521
666
523
361
486
655
547
373
454
662
602
387
419
618
602
402
392
610
644
0
441
368
558
654
477
361
521
666
523
361
486
655
547
373
454
662
602
387
419
618
602
402
392
610
644
431
372
577
666
482
356
541
689
502
352
491
660
535
361
467
649
595
432
492
732
755
474
482
710
620
332
315
521
550
357
288
486
617
465
334
489
645
509
352
469
653
568
377
447
650
603
396
426
630
635
420
388
581
648
436
359
554
659
470
347
513
656
514
354
486
653
539
357
441
630
570
371
399
606
598
385
367
575
621
406
343
546
641
457
347
517
652
503
342
483
641
543
363
449
632
555
357
405
611
589
379
381
595
622
409
357
570
649
449
356
537
686
502
358
505
669
520
376
467
647
565
376
441
635
606
423
408
621
617
428
410
616
676
468
366
530
642
515
370
521
672
553
372
510
658
552
356
440
643
585
429
418
635
644
406
383
590
645
453
386
573
661
469
346
509
654
493
356
484
651
535
351
440
625
551
360
406
612
589
376
371
580
613
403
345
540
634
436
349
519
647
496
342
486
642
522
364
470
650
568
373
431
640
618
419
408
618
644
428
381
588
661
460
382
567
668
484
364
514
654
517
368
486
657
572
358
443
645
599
376
405
614
620
411
390
604
655
447
363
562
666
495
368
540
680
540
386
500
663
552
367
448
638
573
372
414
625
615
406
396
597
635
434
371
588
679
486
373
560
695
511
376
522
683
567
399
499
675
611
397
459
668
625
407
451
647
650
458
426
587
682
464
382
526
661
500
351
502
665
550
353
413
594
517
322
398
597
550
357
389
605
620
409
369
585
631
428
350
547
656
451
333
498
632
487
344
480
647
542
365
441
639
575
353
402
622
605
395
420
600
625
415
346
563
644
462
353
524
641
492
368
494
656
533
364
463
650
579
384
438
643
612
401
409
629
649
432
386
598
660
465
371
553
670
507
376
522
678
549
386
503
673
579
390
456
657
614
412
428
633
645
444
408
605
653
444
365
550
656
485
357
531
657
505
351
476
643
546
358
437
635
595
390
426
633
622
418
427
645
668
475
420
607
685
474
373
517
614
502
340
496
637
539
357
416
613
553
358
403
612
582
375
378
595
629
414
358
562
638
433
350
536
645
486
374
493
638
506
363
493
670
582
381
449
653
597
395
406
618
633
428
370
585
648
452
365
562
669
497
356
519
662
524
347
474
644
548
363
474
633
585
399
431
632
626
414
390
603
653
452
367
567
661
472
365
534
675
521
371
504
664
548
370
467
653
584
401
434
638
618
407
407
620
652
448
376
577
666
467
357
559
668
525
390
579
702
531
364
469
650
565
369
424
628
577
398
424
627
650
442
412
611
686
477
384
578
677
498
367
522
668
527
372
494
664
566
382
456
650
593
391
420
627
622
414
396
602
655
450
374
561
663
481
368
525
657
507
365
517
661
547
371
453
636
566
371
414
620
602
395
386
594
618
417
352
564
639
439
341
510
641
493
342
479
644
525
356
459
643
562
362
421
626
600
392
394
609
623
417
378
585
655
450
361
547
659
488
355
506
662
521
365
468
641
542
358
427
610
553
345
370
575
583
364
333
544
596
397
325
525
628
453
326
493
642
500
348
486
662
558
387
472
684
615
402
444
649
636
425
421
633
665
453
394
602
691
498
388
562
691
529
389
533
684
562
392
492
674
598
403
455
656
626
413
421
626
647
436
388
596
671
466
367
556
671
504
374
525
676
542
378
490
663
577
386
447
648
606
397
424
631
636
424
394
598
649
440
371
562
679
487
373
549
671
523
363
469
655
590
385
444
628
629
392
412
618
606
400
372
578
618
397
322
520
594
401
299
447
564
394
258
405
574
430
262
385
556
479
292
347
6541
447
280
394
604
501
321
398
571
3
573
400
431
639
667
489
420
545
606
418
343
509
601
482
377
479
541
447
280
394
604
501
321
398
571
535
409
443
623
641
422
384
515
543
340
274
433
569
440
323
453
615
551
428
556
675
601
425
500
678
646
458
498
677
686
521
501
681
743
565
490
636
759
613
493
610
708
573
430
541
680
591
458
561
697
639
472
479
627
614
442
418
607
631
467
406
571
659
505
410
555
643
519
401
516
658
573
433
508
667
616
481
519
693
672
404
376
557
599
428
384
558
632
475
408
552
646
509
396
509
640
516
327
408
574
500
346
384
557
527
351
343
502
520
347
309
483
546
373
304
460
560
432
319
446
587
472
326
408
569
494
333
390
568
532
364
388
574
591
437
418
591
654
499
427
627
744
613
550
688
787
639
451
555
721
631
462
516
660
622
443
439
569
525
323
244
392
486
372
330
495
578
442
350
523
634
521
399
481
651
571
426
490
638
598
435
449
614
604
417
393
570
613
463
400
539
603
459
372
538
625
476
347
457
584
450
278
357
504
419
250
271
448
425
187
158
330
403
266
239
390
458
327
265
386
478
392
293
404
557
470
349
479
642
575
446
470
649
626
453
459
594
644
486
448
644
708
566
501
640
759
641
529
641
774
668
523
620
784
731
573
596
740
706
530
549
711
712
518
478
650
701
530
453
609
700
564
472
578
696
591
444
536
693
626
457
501
658
616
447
449
637
646
468
429
587
638
472
412
569
661
508
391
524
645
532
399
494
600
484
311
389
579
579
394
389
555
551
377
336
481
538
362
290
456
547
390
275
385
505
389
254
355
526
454
332
422
607
607
434
439
599
605
454
447
621
657
485
421
579
672
548
495
686
861
766
559
572
606
425
221
266
448
430
282
334
500
508
343
364
565
625
476
453
633
706
554
453
580
715
571
411
509
607
478
324
384
534
452
295
337
514
487
303
305
517
556
406
374
553
624
472
406
567
674
555
446
551
676
566
424
538
696
631
475
503
670
620
453
482
658
660
488
447
613
667
508
439
598
694
545
417
527
648
540
450
527
671
595
442
538
686
637
484
513
702
717
533
512
691
741
589
509
671
787
625
491
618
704
551
403
535
618
519
323
349
497
431
237
251
419
409
203
130
275
320
153
88
257
365
232
169
326
483
385
283
390
536
476
324
400
575
521
367
405
568
535
349
342
505
519
320
263
439
548
429
371
570
714
576
487
710
959
903
702
682
767
695
533
574
726
676
508
467
629
632
456
403
580
649
475
373
506
601
457
347
481
546
399
246
314
470
406
244
289
444
381
174
114
197
166
32
19
202
268
142
103
325
514
422
310
466
642
570
478
595
760
715
582
622
793
788
631
652
850
876
702
655
828
894
746
658
812
936
780
669
796
934
797
642
759
909
823
656
711
880
835
664
672
841
833
661
636
794
821
637
521
661
714
533
394
475
552
366
205
248
368
259
73
114
282
252
87
136
323
339
199
209
405
469
299
260
454
570
409
348
499
615
482
340
455
608
528
377
440
597
545
380
443
582
578
412
428
640
723
603
664
941
1023
893
697
736
734
534
390
455
609
467
320
384
512
442
277
337
515
478
306
329
479
507
312
260
459
540
338
244
395
505
374
246
365
508
406
260
315
453
400
195
215
358
304
140
161
333
365
210
167
353
422
274
229
447
565
444
350
518
677
591
456
551
690
628
490
575
763
748
561
578
769
778
617
575
747
812
627
543
711
798
655
569
724
871
752
609
719
887
839
692
778
1007
994
864
894
1023
1023
994
1023
1023
1023
991
901
967
954
712
493
521
557
337
110
166
267
140
0
62
211
156
5
55
239
251
117
125
313
365
202
156
339
440
318
258
415
520
388
280
414
582
481
336
435
614
579
438
467
632
637
457
445
622
616
417
351
511
567
405
310
488
632
526
452
625
825
811
767
907
9583
432
386
563
613
6
457
394
551
608
470
369
526
632
514
385
495
650
558
374
456
624
580
418
436
604
583
432
386
563
613
6
457
394
551
608
470
369
526
632
514
385
495
650
558
374
456
624
580
418
436
604
583
432
386
563
613
440
399
591
654
464
356
507
658
528
378
494
645
551
409
485
622
560
376
413
586
551
347
358
522
541
344
284
455
514
344
273
421
531
383
249
369
516
404
278
370
560
486
311
356
544
512
328
330
530
585
390
333
509
597
438
369
536
654
511
393
531
675
557
420
528
695
622
448
510
686
649
484
506
706
707
496
453
630
693
511
435
607
699
545
439
577
709
586
436
540
693
596
426
492
666
608
422
450
642
644
459
436
624
674
494
427
599
689
525
411
551
676
545
403
516
664
562
404
481
660
603
424
465
657
641
449
438
627
663
477
419
594
677
508
404
551
670
531
395
514
658
556
395
481
648
579
407
452
634
601
413
406
592
620
436
392
577
652
480
386
548
662
519
383
511
653
541
386
479
640
573
397
447
624
597
417
420
605
621
439
406
585
648
471
389
552
651
505
383
518
656
536
383
485
641
570
407
467
638
599
413
434
616
620
434
403
582
636
455
381
553
654
495
389
526
658
528
381
492
644
554
395
461
637
585
406
432
620
614
425
406
592
641
455
385
559
640
472
378
531
654
526
378
495
651
551
388
464
634
577
397
434
618
598
422
412
602
631
445
397
580
664
480
389
542
654
502
376
494
619
510
359
454
625
562
389
445
628
587
402
411
596
619
432
376
559
632
461
373
534
642
498
375
508
651
541
395
492
641
570
398
452
629
600
419
427
608
623
443
402
585
649
469
385
552
653
495
375
507
638
518
369
476
632
546
386
451
626
577
400
419
603
605
425
397
580
637
451
384
549
653
501
378
513
640
512
368
480
634
549
384
458
635
582
401
435
621
609
429
403
585
624
456
387
559
654
478
368
525
643
509
388
491
642
542
386
469
647
563
376
440
632
615
423
415
596
619
438
387
576
641
469
378
527
645
515
390
517
652
534
379
466
633
563
387
444
626
583
422
423
594
596
414
391
603
601
451
383
535
653
533
408
452
610
503
374
453
608
528
360
433
644
600
420
411
595
608
419
356
545
620
450
379
556
625
483
355
498
631
514
367
459
603
525
364
397
579
529
346
351
503
493
283
289
470
518
325
242
386
497
355
249
412
546
411
233
385
549
475
308
373
547
540
344
370
584
582
399
417
590
646
459
392
573
675
508
413
570
688
539
423
544
707
584
466
518
693
634
454
482
676
656
441
424
626
658
463
396
580
664
528
409
563
672
521
398
535
688
570
409
508
667
600
397
488
666
628
439
445
618
659
452
395
584
657
476
383
560
672
515
392
528
672
521
372
500
661
573
416
461
639
587
469
429
625
672
482
474
617
651
473
401
582
669
499
380
520
644
524
385
489
631
521
368
418
614
561
384
424
602
594
403
392
578
629
430
382
562
650
488
380
537
654
538
384
490
655
575
379
483
675
627
437
443
619
618
423
484
595
611
442
400
544
654
469
367
516
653
505
351
489
640
529
382
466
637
578
394
436
605
593
429
419
615
623
459
342
563
625
459
414
542
635
508
395
505
648
549
399
474
627
537
376
435
620
597
397
409
586
595
413
394
573
644
462
404
555
656
506
400
528
653
544
401
485
658
566
420
474
653
605
434
458
616
622
444
436
590
676
505
373
620
664
461
328
487
617
496
359
472
632
557
373
500
653
613
382
413
610
573
372
424
647
646
448
368
571
576
416
343
454
589
472
334
436
648
545
395
469
578
540
394
456
631
608
391
384
571
561
403
417
570
626
408
342
561
681
532
412
521
650
532
338
429
590
491
341
406
596
521
421
437
569
639
450
396
563
621
432
358
517
619
480
368
493
635
512
367
472
629
555
385
440
613
84
533
378
491
614
522
7
376
435
610
583
401
424
613
618
448
419
594
633
476
374
528
629
500
387
527
684
533
378
491
614
522
364
436
623
592
435
465
613
612
425
378
567
656
467
363
524
629
481
377
517
666
542
380
469
621
541
397
495
652
593
440
410
573
569
406
387
596
643
456
375
569
656
481
359
512
653
499
362
496
663
555
364
456
616
543
376
444
623
582
404
408
581
643
448
381
565
629
458
371
532
637
479
390
535
625
502
364
473
658
577
384
451
627
585
399
422
603
619
438
395
573
644
471
407
544
622
468
390
540
674
535
363
466
633
547
370
446
622
580
392
426
623
633
424
382
587
621
426
390
552
620
455
361
522
643
502
372
522
634
520
370
457
626
579
388
440
627
596
435
403
580
613
438
390
575
635
467
364
524
666
498
370
495
643
539
417
505
646
555
382
437
624
602
396
421
600
620
426
375
565
618
444
350
520
629
492
356
492
636
503
342
441
612
543
376
433
594
589
396
378
557
567
395
391
577
635
455
388
561
663
478
364
524
650
528
377
508
665
565
393
475
649
587
421
458
646
615
459
450
612
645
460
407
605
662
483
391
587
683
495
377
500
644
542
391
483
655
609
392
443
630
601
422
434
609
613
426
387
608
633
431
370
569
647
482
372
489
623
509
377
469
616
558
391
438
622
594
408
421
609
594
404
398
593
639
439
382
566
630
462
371
532
679
519
373
480
637
538
411
479
625
570
416
430
602
603
445
417
601
626
431
367
576
671
475
366
540
648
495
373
505
653
541
391
511
642
544
370
431
617
592
411
432
615
623
443
411
570
639
471
418
554
662
502
380
491
625
517
374
469
627
536
369
460
636
570
384
434
624
600
400
371
581
657
482
421
561
637
457
377
526
665
537
370
472
621
544
406
474
635
571
404
444
618
590
396
407
590
624
450
376
555
641
457
355
529
642
506
395
507
658
545
356
458
640
556
390
456
637
615
405
405
601
633
447
401
598
658
444
363
559
683
503
410
542
672
523
359
504
684
550
369
439
618
575
410
414
620
635
445
392
575
651
453
365
540
651
488
372
539
664
556
370
480
627
538
373
466
635
579
387
417
607
618
430
419
617
627
431
365
544
631
456
391
537
657
517
369
491
632
532
370
450
628
573
404
469
624
571
398
457
626
607
410
383
569
620
449
354
527
641
496
390
516
639
497
348
464
646
575
396
447
643
591
398
412
613
621
440
427
603
640
448
368
551
647
488
370
525
656
519
377
477
634
540
398
456
602
539
384
416
584
550
365
350
549
605
435
348
510
590
435
355
527
633
475
358
498
647
522
368
444
630
559
378
426
624
600
417
408
598
631
437
397
580
646
450
367
539
663
549
417
514
632
525
393
471
638
562
402
478
687
645
441
467
684
698
485
453
604
675
492
413
586
671
561
406
528
715
556
398
490
681
594
410
494
669
612
428
449
631
627
436
428
626
651
442
375
561
670
505
396
546
700
547
388
488
648
566
384
469
660
588
369
387
582
571
393
407
591
612
424
372
602
688
428
307
481
616
483
364
489
624
517
370
465
631
552
381
430
633
600
408
408
596
604
419
398
588
653
453
381
540
643
486
362
508
655
536
377
489
642
550
392
469
650
591
399
426
632
614
430
396
588
629
437
380
577
672
489
353
522
677
506
343
484
628
516
361
408
587
496
344
333
511
537
328
273
470
524
342
278
482
549
368
269
453
589
460
351
503
630
492
357
471
601
560
429
414
608
608
418
435
627
646
452
400
586
659
482
377
559
680
525
388
520
658
538
390
495
659
570
388
453
646
589
401
420
618
618
424
400
583
640
449
387
557
661
493
404
544
657
541
390
492
640
559
386
469
640
594
421
431
611
601
423
413
622
649
455
382
554
638
476
380
537
656
509
384
513
667
561
389
497
665
591
379
458
650
619
444
450
646
78
385
436
625
589
390
392
600
631
422
372
579
643
426
348
523
661
510
5
357
487
642
508
350
461
640
578
385
436
625
589
390
392
600
631
422
372
579
643
426
348
523
661
510
373
518
661
533
349
450
633
545
369
434
607
567
391
396
585
623
425
363
556
633
461
390
541
653
506
375
516
654
501
359
463
665
539
365
445
627
586
380
412
631
628
425
396
613
659
462
368
563
675
491
373
536
661
518
373
492
649
548
377
446
636
582
391
427
628
604
402
390
596
638
448
393
554
652
465
358
531
656
505
368
502
656
535
371
456
621
556
355
393
588
557
359
350
536
563
358
301
488
581
386
293
462
579
422
298
447
604
484
334
450
625
543
387
444
628
598
409
431
638
652
440
411
614
682
495
404
582
684
528
397
547
684
545
388
500
668
576
399
476
656
614
416
443
638
645
452
416
618
674
477
404
588
675
499
375
528
663
530
379
500
659
546
370
460
646
588
380
424
624
620
418
398
595
638
445
376
563
660
476
361
531
665
510
366
484
658
543
376
457
646
586
396
434
627
615
419
403
606
631
436
370
552
639
462
377
548
670
511
364
504
649
528
360
467
640
571
373
424
641
602
430
394
616
662
446
401
640
670
464
343
579
641
460
375
510
630
530
375
454
632
542
354
425
607
589
375
382
586
602
420
383
588
640
431
363
554
662
501
374
515
663
544
374
487
657
561
394
457
647
598
404
422
622
630
431
398
592
649
443
374
551
645
461
353
513
641
492
355
478
631
514
339
438
617
550
373
397
618
607
399
386
594
633
429
354
549
642
461
361
529
655
496
360
497
659
535
377
472
660
583
398
455
644
612
415
418
615
647
443
390
590
666
479
376
541
667
516
375
509
668
545
382
479
651
568
376
436
636
603
413
418
625
632
422
387
584
655
471
377
558
667
499
370
508
650
520
371
480
652
565
378
447
634
586
393
415
619
619
419
383
579
630
430
359
553
647
478
361
518
658
522
372
490
648
553
367
440
619
557
354
387
573
564
361
326
530
576
381
311
498
587
418
308
477
614
477
342
473
640
538
369
456
643
582
391
432
628
608
424
412
618
660
463
404
588
667
483
385
552
679
530
394
529
679
564
394
486
664
588
404
463
661
635
422
433
634
647
452
403
594
654
461
371
547
659
499
364
491
644
503
337
433
597
498
307
374
555
517
330
346
550
560
359
323
532
597
409
335
525
631
478
354
509
662
531
377
478
646
562
388
469
659
609
421
440
645
649
453
425
625
667
466
402
585
687
509
394
548
687
566
415
526
685
579
411
496
673
626
429
454
652
642
444
437
631
666
470
414
595
679
500
392
560
688
536
392
523
679
567
401
484
664
597
398
447
643
616
418
414
616
636
433
381
577
656
475
378
541
665
515
366
500
652
529
362
460
630
541
356
408
585
543
338
343
541
553
344
289
496
563
367
283
458
574
417
285
446
595
453
313
421
595
522
348
433
617
573
389
401
599
612
423
395
594
646
460
392
578
680
506
384
541
688
551
397
512
681
584
408
483
671
619
427
460
652
646
448
425
630
669
473
409
600
684
504
399
552
682
535
393
525
678
572
393
485
669
602
410
446
653
637
440
426
629
663
462
397
585
673
491
385
546
670
513
380
516
672
558
399
485
662
589
400
442
632
606
411
409
606
629
436
393
589
665
477
382
558
673
514
379
509
654
539
388
484
646
567
386
446
639
597
402
421
619
631
421
384
587
650
455
372
550
661
500
376
516
661
531
382
496
654
554
377
455
647
600
399
423
620
624
423
399
596
654
446
375
564
656
486
368
526
663
526
377
497
649
544
372
457
642
583
391
423
621
616
414
398
602
645
443
376
566
658
475
374
536
669
516
372
501
663
547
376
461
638
574
389
433
624
597
402
401
606
634
430
381
579
657
469
368
536
658
502
369
500
649
532
3
611
674
390
359
592
683
432
333
539
676
472
298
492
684
510
313
459
668
554
324
409
646
5
637
363
383
611
674
390
359
592
683
432
333
539
676
472
298
492
684
510
313
459
668
554
324
409
646
591
350
387
630
622
372
333
591
664
415
323
558
685
474
315
513
703
520
316
490
697
548
326
429
673
592
351
401
648
628
374
360
621
667
421
335
591
692
452
314
537
684
499
315
489
709
566
338
453
673
588
360
420
664
638
376
388
638
671
406
338
603
697
458
328
553
704
494
321
513
702
542
338
478
685
579
353
425
672
618
376
399
658
672
408
366
622
686
435
332
571
704
485
329
522
697
528
334
487
698
575
351
448
682
606
360
400
648
635
378
365
619
668
416
333
574
690
463
328
532
696
506
322
487
682
540
328
453
675
587
356
412
660
653
375
379
669
660
410
375
643
701
449
392
529
686
554
343
513
694
559
308
440
659
559
316
399
637
595
352
370
624
651
390
342
587
670
433
336
567
712
491
331
529
712
532
331
466
668
547
331
419
658
596
358
390
641
637
386
351
604
684
430
336
576
703
474
337
519
687
506
346
493
680
567
361
455
674
595
368
427
674
657
391
403
644
667
434
349
597
688
457
347
579
694
499
332
511
705
545
345
466
683
590
358
435
672
625
375
395
652
669
413
357
606
679
432
329
552
685
479
323
508
690
528
335
479
692
560
334
426
668
611
364
401
644
648
399
368
618
676
436
338
579
695
472
322
529
707
535
333
495
699
549
334
434
662
588
356
400
653
637
372
351
641
669
408
324
571
663
444
327
536
692
490
317
481
686
531
336
446
658
567
343
413
655
609
366
376
624
660
397
334
587
681
435
326
556
690
479
318
499
688
534
330
468
689
565
333
426
661
601
355
383
629
643
397
361
627
703
434
323
566
690
469
366
525
678
507
320
464
676
552
318
429
668
587
354
414
653
638
392
369
630
669
420
354
601
720
477
376
567
698
502
348
528
707
561
347
482
728
628
379
432
670
632
385
391
640
694
416
355
609
691
443
331
550
698
496
285
451
670
546
347
463
678
571
347
417
662
602
351
379
632
643
387
330
580
660
412
311
562
693
482
323
526
714
534
334
489
704
565
332
431
682
613
365
403
657
630
380
355
618
680
415
345
583
699
465
328
526
686
498
310
484
677
544
335
449
676
590
339
406
647
597
356
355
613
648
397
323
557
673
443
321
536
648
454
313
497
672
494
270
417
662
580
351
408
652
605
363
378
603
592
345
331
613
667
413
306
533
665
434
272
486
638
462
275
384
588
467
227
320
559
502
265
292
551
550
303
267
540
611
385
297
509
651
428
306
558
695
534
320
547
756
590
395
501
684
624
399
429
690
668
418
414
658
708
465
390
626
723
494
352
591
747
547
369
533
745
599
377
498
726
627
391
468
719
675
411
409
665
690
429
373
633
720
473
342
577
724
518
358
541
739
560
346
502
723
601
374
452
696
636
384
421
677
676
414
403
628
721
464
372
591
751
550
368
564
715
511
334
505
713
557
344
442
675
593
351
390
636
623
366
357
609
678
416
329
567
686
454
320
543
708
514
326
505
719
562
341
463
682
596
354
419
670
641
375
357
627
663
414
353
609
689
431
321
536
716
502
320
506
696
546
309
448
691
567
359
420
680
617
367
394
656
640
387
411
569
673
430
270
607
696
457
310
537
699
501
308
443
673
559
336
430
658
599
335
369
623
629
377
337
591
648
415
312
558
675
448
295
512
667
489
303
460
677
568
313
430
668
579
353
418
660
628
368
371
627
659
412
354
594
693
428
315
534
653
457
289
473
633
473
280
394
602
499
247
330
561
494
267
274
506
555
306
236
496
593
359
245
477
635
429
287
482
664
511
322
467
680
576
348
426
646
596
354
401
676
689
426
366
631
712
474
386
596
715
491
355
575
739
407
579
620
459
3
385
541
624
488
391
515
633
539
403
498
634
556
420
467
623
581
420
433
594
592
425
407
579
620
459
416
555
641
495
416
537
648
527
397
499
641
553
397
461
617
560
398
415
575
557
392
375
553
597
416
371
576
591
424
322
537
609
481
344
456
602
503
366
464
626
560
399
448
620
596
419
411
584
596
414
391
590
646
473
377
570
679
525
397
524
654
539
392
505
656
571
403
458
628
590
398
408
609
615
419
385
575
630
424
351
538
636
471
357
513
645
495
355
481
647
550
381
465
651
592
399
433
647
626
423
419
616
654
425
371
555
642
479
357
491
640
511
324
501
632
515
348
461
649
574
393
429
634
620
405
421
642
658
449
395
588
647
454
366
546
664
500
347
513
675
543
392
493
658
565
376
438
646
609
413
426
625
636
427
376
602
674
465
376
567
662
493
361
521
670
529
375
500
681
578
418
484
659
589
387
417
650
628
418
420
648
634
433
375
566
692
483
372
522
668
511
373
475
661
531
363
454
645
575
380
422
627
612
420
417
605
633
422
380
593
665
474
372
538
666
507
367
529
667
582
394
464
648
581
393
453
641
605
409
425
631
646
440
405
630
686
503
424
597
695
540
418
561
715
591
424
555
732
642
460
514
690
652
461
473
631
622
439
404
558
589
401
327
490
576
425
329
449
562
442
297
372
506
437
294
377
526
489
318
334
465
426
251
250
449
514
366
330
520
595
447
370
525
661
534
454
542
682
582
478
588
757
698
526
581
767
748
556
561
743
734
524
475
658
715
518
411
570
655
490
348
471
613
499
352
450
606
522
342
414
603
556
365
394
588
588
381
353
531
572
376
306
479
577
417
313
463
605
470
322
456
621
557
374
446
598
557
385
415
619
604
401
357
602
614
432
390
552
626
448
347
523
675
544
417
545
687
575
417
502
725
627
443
487
677
674
433
426
633
610
410
360
545
622
444
342
505
612
454
314
467
617
497
340
431
616
534
352
427
627
580
401
426
618
618
424
382
596
658
458
379
566
701
534
378
529
650
524
361
488
680
616
423
457
624
578
385
415
616
636
457
408
585
643
468
411
600
699
499
371
515
653
531
424
570
677
534
383
466
675
576
367
411
639
611
396
412
652
691
515
467
594
611
447
341
505
631
487
358
509
661
559
377
440
604
529
339
384
552
529
297
313
528
530
362
314
487
566
366
268
412
577
506
323
464
641
438
248
416
563
490
410
453
651
642
552
558
764
785
553
507
709
761
564
488
649
711
544
434
577
682
565
435
524
646
533
393
481
640
548
414
369
508
476
317
334
549
586
411
328
474
588
449
385
522
697
615
426
452
563
496
370
486
720
597
414
430
528
523
410
433
624
669
464
476
585
647
566
418
491
579
492
426
545
623
530
412
529
628
562
380
443
665
659
427
443
589
600
447
448
614
643
464
398
591
696
497
373
518
640
552
437
480
652
575
437
456
548
518
392
425
582
577
417
419
640
689
436
322
508
657
472
361
499
583
464
371
486
651
566
392
449
631
640
471
535
691
710
473
385
500
551
408
364
559
617
457
411
545
678
538
398
523
690
541
384
504
645
547
393
429
592
586
404
424
604
648
473
400
566
648
504
384
600
648
469
329
463
605
511
400
487
680
582
390
461
597
554
400
416
595
592
428
426
561
585
441
416
529
610
434
347
477
589
502
393
490
605
527
445
468
589
521
346
389
559
571
401
431
588
610
397
372
565
600
429
350
489
622
516
347
500
632
499
360
450
619
545
391
431
609
624
449
403
558
616
452
408
574
640
484
403
548
633
514
392
531
665
514
396
464
601
569
420
432
600
583
478
477
620
598
451
402
531
572
430
374
574
674
486
360
521
644
502
369
527
642
518
379
473
601
553
415
442
603
598
417
432
589
598
469
437
563
626
496
406
535
640
504
452
504
593
23
517
0
485
1023
620
0
398
1023
718
15
252
978
898
140
80
826
1021
352
3
375
0
633
1023
451
0
576
1023
517
0
485
1023
620
0
398
1023
718
15
252
978
898
140
80
826
1021
352
0
651
1023
438
0
584
1023
501
0
508
1023
600
0
416
1023
688
5
294
1001
857
111
107
863
1004
288
8
673
1023
423
0
597
1023
483
0
527
1023
581
0
430
1023
665
0
329
1019
821
74
147
896
983
239
21
693
1023
406
0
609
1023
471
0
544
1023
558
0
445
1023
650
0
361
1023
781
49
185
926
955
201
40
733
1023
386
0
623
1023
459
0
563
1023
535
0
466
1023
635
0
384
1023
742
29
223
958
926
172
58
794
1023
368
0
636
1023
448
0
577
1023
515
0
489
1023
619
0
403
1023
709
16
262
986
892
139
78
838
1021
340
0
656
1023
434
0
591
1023
496
0
511
1023
598
0
417
1023
681
0
303
997
850
102
112
870
1002
281
16
676
1023
420
0
600
1023
481
0
530
1023
577
0
431
1023
661
0
336
1018
813
73
149
906
977
233
24
698
1023
404
0
611
1023
467
0
548
1023
553
0
453
1023
648
0
367
1023
771
56
193
933
952
200
41
749
1023
382
0
624
1023
456
0
565
1023
526
0
473
1023
633
0
390
1023
733
27
234
974
918
