34
528
535
522
532
540
533
5
560
564
558
554
544
544
524
538
538
516
521
525
526
525
531
535
545
548
534
528
535
522
532
540
533
504
502
507
514
507
510
523
539
536
529
503
495
493
490
490
492
501
503
510
515
517
513
513
517
521
517
514
518
517
514
516
520
520
516
513
511
516
520
516
520
517
518
520
514
512
510
512
512
514
516
517
521
529
518
520
513
510
511
513
514
520
526
524
522
528
522
522
523
523
532
532
529
527
533
529
537
547
542
520
507
510
525
529
505
491
498
501
495
498
502
504
499
498
502
504
505
503
503
505
507
508
512
517
522
518
516
520
518
513
513
515
516
522
521
524
531
536
529
527
519
516
515
514
519
515
519
517
521
524
526
525
528
530
519
516
519
514
506
504
513
511
511
497
500
506
509
515
520
511
499
493
495
503
507
506
509
514
514
510
511
514
504
505
505
502
502
506
510
511
516
515
503
511
504
504
503
499
504
504
505
508
516
527
525
522
519
511
494
494
499
508
510
505
505
508
509
510
510
518
515
514
514
522
523
531
546
547
533
503
488
478
485
489
496
504
512
513
506
514
512
511
511
519
522
515
512
519
516
508
507
509
512
513
514
512
511
512
509
505
510
514
516
516
524
517
498
501
504
508
511
512
524
528
520
502
498
499
500
504
508
520
526
516
508
506
504
513
516
523
529
533
539
530
487
490
495
500
505
500
499
500
507
510
513
518
524
534
541
543
531
489
487
485
493
497
494
495
499
509
509
504
506
506
502
504
507
513
518
523
525
510
491
477
480
489
489
493
491
496
495
496
494
497
494
503
506
501
496
498
491
490
492
499
499
498
505
510
527
533
539
545
493
461
476
490
495
496
503
505
508
502
506
505
506
502
504
502
505
511
497
507
507
505
501
502
511
507
508
513
514
516
511
513
516
514
512
513
515
513
512
510
516
525
514
516
513
539
525
524
521
504
481
498
503
504
505
503
510
503
496
493
488
483
492
479
476
421
401
384
367
378
400
428
468
521
541
578
590
481
464
465
481
461
460
480
484
508
552
557
570
580
577
627
609
596
560
518
494
482
526
555
516
520
533
543
543
542
544
544
528
523
524
531
534
527
529
528
535
531
523
536
541
535
523
515
529
521
522
524
534
534
533
537
539
535
536
540
540
546
555
560
549
527
544
564
524
495
487
476
486
491
494
506
512
514
512
507
510
513
525
527
544
535
540
523
541
503
479
472
464
477
487
492
491
494
507
515
516
502
496
494
499
489
482
483
485
487
488
457
434
438
455
461
403
343
344
344
349
359
375
381
385
385
408
423
420
416
441
468
478
474
473
494
507
505
507
507
522
542
563
584
612
556
541
515
536
520
519
537
540
536
508
527
547
555
555
557
555
559
565
567
588
599
574
506
498
528
533
528
527
531
528
531
537
539
554
548
573
593
583
553
493
517
524
513
520
509
511
504
515
517
522
524
527
526
534
544
549
538
530
534
530
532
540
519
502
494
485
486
480
490
506
507
508
505
511
516
516
507
518
524
521
518
506
505
516
519
526
522
546
576
583
510
513
498
472
454
430
422
432
442
454
443
430
431
426
420
414
415
424
415
429
418
395
391
397
407
423
438
449
457
476
497
508
515
523
536
546
570
593
595
569
513
523
541
549
553
562
567
571
562
567
573
579
595
606
625
611
568
555
520
507
525
526
531
545
546
545
551
558
562
557
558
562
554
551
545
533
532
523
529
533
529
532
531
528
536
550
561
562
569
540
535
490
485
482
473
493
498
507
509
513
520
522
519
522
517
515
513
506
505
515
516
518
521
532
525
516
517
521
531
542
548
538
527
517
495
489
488
494
501
505
515
514
512
516
523
519
509
516
525
540
549
545
527
486
490
510
522
523
507
508
518
516
517
524
530
534
522
522
521
495
491
477
479
488
498
491
501
488
468
487
482
496
504
507
513
504
494
502
526
514
505
504
503
522
539
553
573
480
516
523
508
506
520
520
516
534
518
521
524
517
518
529
525
523
536
540
550
543
534
524
495
485
512
531
507
513
504
496
501
506
497
505
506
517
518
520
535
544
548
520
502
503
512
525
503
485
485
506
484
485
484
509
526
530
517
514
513
503
504
517
552
525
500
501
509
510
516
524
546
527
509
524
525
526
507
513
522
514
515
519
534
502
496
506
505
498
500
501
507
527
513
522
529
510
520
512
515
520
517
522
530
533
549
528
485
475
504
511
485
488
491
496
498
514
513
519
513
526
539
552
536
523
543
531
536
511
476
505
509
509
514
494
495
493
499
510
514
519
523
523
532
537
551
561
571
534
473
484
491
495
494
501
511
500
504
513
519
535
546
541
560
520
524
516
506
509
512
534
520
506
497
516
525
532
519
509
514
508
510
507
519
532
529
514
491
499
510
527
525
537
560
532
514
488
489
493
516
524
503
485
494
508
509
527
538
554
539
516
515
530
553
521
504
507
513
501
487
482
498
500
502
514
526
531
512
503
495
506
512
511
515
525
523
520
480
487
495
500
503
505
505
507
522
536
524
522
503
505
516
522
510
525
536
500
471
479
490
503
513
513
516
525
538
524
523
498
483
488
506
517
529
544
513
528
512
487
487
493
499
515
512
513
516
529
509
516
529
536
541
516
488
489
497
505
520
511
524
514
519
524
516
517
525
491
478
482
509
532
526
498
511
522
544
563
539
524
492
496
506
487
490
500
478
487
493
511
517
520
527
525
517
533
537
555
538
520
492
475
488
502
498
496
504
526
516
500
511
531
561
547
539
501
494
482
506
487
483
492
504
515
514
503
504
515
508
497
498
530
528
495
482
478
481
488
493
497
508
497
489
498
509
524
524
511
493
504
515
510
509
511
504
509
518
507
495
489
506
510
524
526
512
498
510
519
543
501
448
451
462
461
473
454
452
464
478
485
499
501
504
507
510
520
532
530
497
501
482
487
488
480
504
520
500
500
514
529
525
533
543
556
563
579
605
616
605
608
615
573
553
565
568
570
561
562
557
553
556
553
558
557
556
560
565
581
594
588
561
542
565
568
535
536
540
547
518
518
525
532
530
536
543
548
544
545
557
571
579
578
539
526
542
536
527
502
502
516
520
532
516
506
513
530
549
544
545
530
499
509
533
515
472
456
453
446
446
460
476
426
388
408
420
422
426
421
435
444
437
443
448
457
456
463
469
482
489
497
484
466
455
482
507
507
496
481
455
464
467
476
477
480
484
497
503
522
526
525
510
499
497
500
497
496
508
483
483
490
496
501
502
504
500
504
509
509
514
521
537
535
512
496
509
510
489
484
493
503
521
526
519
507
509
514
497
512
521
524
541
538
492
473
483
493
499
504
514
522
514
488
502
507
504
502
516
535
552
558
546
487
492
524
545
572
588
563
540
572
575
576
570
559
553
557
559
565
548
551
546
536
546
567
579
572
528
517
531
550
569
558
549
543
525
543
541
545
509
525
523
535
516
524
528
508
514
516
521
522
532
548
569
562
510
489
528
529
503
503
517
523
529
525
529
541
548
541
536
536
536
519
526
502
494
510
525
526
517
538
532
551
527
529
542
537
515
503
497
509
520
523
516
504
505
513
522
529
536
525
532
507
523
537
525
518
493
486
485
496
510
522
519
522
529
524
520
520
535
517
481
506
517
516
517
522
523
513
486
503
506
503
499
508
514
527
521
514
511
508
508
520
534
554
513
504
471
487
502
510
511
499
504
500
495
502
524
526
507
514
513
485
491
515
523
501
483
470
474
447
439
441
424
426
438
440
388
372
388
416
438
445
433
435
456
461
469
454
462
480
487
467
469
472
488
477
484
503
494
498
502
520
536
490
464
476
451
453
444
453
472
487
503
512
520
499
498
506
502
500
504
524
516
517
505
510
478
479
497
523
528
500
484
487
508
529
510
503
507
507
497
485
498
511
526
523
525
511
494
511
512
504
504
481
474
495
513
510
487
485
484
485
491
505
516
518
522
543
555
507
471
478
492
491
492
498
520
527
514
492
505
488
473
471
494
501
487
489
516
530
472
469
490
505
505
505
491
500
513
518
513
511
503
494
510
525
559
566
544
521
536
553
570
568
553
551
559
562
546
541
526
519
527
532
544
549
546
541
547
541
543
550
549
556
539
550
505
512
535
547
516
521
528
526
520
530
536
528
526
528
548
565
536
524
530
528
538
533
511
502
502
508
528
521
530
526
511
513
508
523
541
562
537
497
492
506
509
511
508
516
523
528
528
522
514
521
530
542
509
500
504
508
499
507
509
509
511
520
516
499
499
491
499
509
499
505
502
508
513
515
481
415
396
396
408
419
415
384
378
393
393
421
421
425
407
424
443
463
484
502
527
523
511
501
516
525
502
512
528
532
535
551
565
576
558
543
534
539
533
527
545
547
548
536
540
542
539
537
536
528
533
530
524
515
526
530
514
518
523
552
550
571
538
507
472
476
486
495
506
516
525
520
506
521
534
547
543
537
539
522
506
509
527
506
491
506
518
513
516
531
546
572
554
522
533
531
510
438
459
491
499
506
514
520
526
521
533
551
548
554
528
534
527
496
488
484
478
485
489
491
499
502
502
507
517
540
571
574
514
454
443
465
484
491
498
500
509
517
532
531
541
535
512
518
536
517
483
489
504
514
509
499
509
515
539
547
574
559
604
565
507
439
440
454
474
498
514
518
519
520
524
524
522
535
553
562
565
519
506
504
496
495
506
517
516
520
528
541
569
563
517
502
474
509
531
512
463
474
486
499
501
504
506
508
510
508
510
532
532
532
510
489
485
488
500
503
512
506
503
514
524
535
551
560
524
478
501
532
520
512
479
460
457
480
499
525
514
497
454
465
491
513
526
520
486
481
481
483
493
502
504
526
537
548
506
494
501
498
515
532
538
511
507
481
475
492
519
539
538
527
514
509
500
489
506
506
493
487
485
498
518
528
518
534
542
501
511
494
475
481
478
489
501
500
514
523
512
518
514
513
505
503
516
528
528
560
567
506
474
487
494
485
516
516
514
509
502
484
487
514
507
480
484
480
454
405
406
418
420
425
418
424
435
449
453
464
475
455
463
491
483
516
508
519
503
534
551
528
523
544
559
562
550
565
565
558
555
560
565
572
580
571
554
590
614
614
579
546
544
558
566
564
541
516
526
537
566
550
559
555
567
558
542
505
520
531
550
551
525
517
519
510
511
519
521
528
510
523
533
543
541
559
548
535
518
519
512
511
521
512
510
525
542
524
528
520
532
525
526
523
528
529
537
549
549
560
536
519
502
497
499
510
513
508
491
494
513
520
513
521
514
521
512
511
524
529
507
529
520
490
497
511
517
535
544
570
567
500
493
489
490
504
505
496
492
502
509
519
526
511
492
489
505
523
522
505
524
527
557
568
558
517
478
495
500
470
483
501
497
503
508
511
516
520
522
529
514
509
518
529
515
476
499
502
494
502
498
518
511
520
537
507
523
502
492
483
491
501
496
502
515
506
509
509
506
507
509
515
523
526
530
537
505
486
475
485
489
494
495
505
528
528
536
529
500
479
484
501
503
509
504
521
512
522
524
533
520
501
486
488
491
493
499
513
518
502
490
489
507
500
509
510
518
512
499
491
493
506
509
509
506
511
511
507
500
513
521
527
529
524
504
483
490
492
494
485
479
492
499
499
506
517
522
520
510
521
530
542
542
518
514
521
536
516
499
464
476
493
503
505
507
505
513
525
524
512
509
510
514
507
530
530
531
505
525
512
500
521
536
528
520
494
475
477
483
490
497
511
511
510
509
1
420
413
411
408
397
398
412
407
374
386
2
509
495
497
504
514
504
489
482
481
467
451
444
416
417
421
420
413
411
408
397
398
412
407
374
386
385
397
409
408
406
415
429
443
437
438
455
465
477
463
461
484
481
490
485
500
517
527
546
568
545
534
531
547
556
536
530
527
539
553
570
570
544
520
531
533
540
558
558
548
551
556
572
573
562
565
553
558
562
560
540
513
524
547
558
557
537
524
531
538
546
555
535
508
516
522
537
542
540
536
532
538
539
532
543
559
551
534
532
538
546
548
532
523
507
506
530
548
510
506
513
522
532
532
528
531
527
532
543
555
539
516
516
530
534
538
520
525
517
508
510
524
520
527
522
525
524
537
518
503
505
507
509
525
522
508
506
503
516
513
522
509
503
501
506
510
529
520
524
521
521
514
515
519
502
524
530
520
517
514
521
523
524
534
550
515
509
520
525
530
534
511
507
512
523
516
517
508
511
528
522
509
504
513
530
545
541
530
516
512
524
541
512
503
511
505
516
518
500
502
511
525
528
511
505
516
524
511
504
513
515
527
510
508
510
501
505
519
528
517
515
530
519
511
512
492
503
514
516
513
510
509
517
522
505
500
499
507
503
513
526
519
496
481
496
520
532
521
499
483
487
502
505
500
504
517
518
524
520
514
501
514
510
519
522
512
517
522
509
505
519
523
527
514
521
519
517
513
517
519
525
521
536
505
503
500
502
501
510
519
511
522
530
518
516
508
513
520
531
529
508
496
503
501
516
511
511
493
493
501
513
510
512
513
514
529
521
507
511
509
500
505
514
504
515
524
522
523
503
498
506
507
510
514
511
507
509
519
526
533
535
522
527
528
512
491
511
534
543
532
515
492
485
482
480
493
497
507
505
511
503
479
486
511
530
499
477
495
500
491
498
509
515
518
502
504
514
520
520
531
547
532
518
514
508
512
504
489
494
509
529
530
516
477
481
476
486
501
509
516
519
519
521
514
507
513
508
509
516
514
515
529
536
543
516
500
501
503
520
505
513
518
507
511
493
507
520
526
515
488
499
519
517
501
502
518
517
534
552
543
520
484
508
502
501
479
490
507
513
521
517
498
499
505
510
516
513
517
530
544
551
526
491
495
487
495
498
510
518
511
506
508
520
506
494
507
515
521
513
502
495
491
495
509
517
524
522
509
505
518
516
504
499
496
507
511
507
511
517
510
516
519
514
503
490
485
488
497
506
515
524
512
508
501
503
510
508
514
525
517
501
501
492
498
491
498
506
502
508
516
523
538
516
492
506
519
529
509
509
516
528
542
536
507
511
515
524
515
497
505
516
523
522
512
514
508
511
513
526
540
545
536
527
541
520
484
503
515
529
524
490
496
516
522
497
506
520
510
517
532
513
499
483
497
505
506
514
541
535
530
514
492
490
505
520
521
515
510
520
521
529
516
495
499
520
516
519
509
517
522
514
516
534
526
522
522
505
512
518
517
531
520
528
503
495
510
521
498
499
514
525
525
506
507
513
512
513
514
511
498
504
505
519
541
509
498
483
494
506
508
516
503
506
518
522
518
511
537
557
534
492
493
512
533
507
496
512
528
533
520
528
513
516
514
514
524
531
523
506
506
512
505
516
522
525
529
511
514
529
533
535
503
464
481
486
492
479
493
497
510
517
526
515
502
496
503
508
514
522
526
510
504
518
532
532
527
501
494
499
513
511
528
533
505
494
495
509
507
512
524
519
500
505
510
524
528
516
513
507
500
480
471
486
502
508
517
510
510
494
499
507
519
522
527
520
503
485
489
506
516
528
533
529
501
475
485
499
516
523
511
502
499
506
510
524
531
525
507
518
521
530
528
542
538
497
496
498
506
521
531
541
532
525
514
514
505
518
514
503
513
521
511
509
513
518
504
492
504
521
542
540
531
491
506
519
513
505
510
513
501
2
431
422
417
421
399
398
412
411
391
407
398
388
396
407
413
408
391
406
427
431
451
471
473
484
491
502
510
534
561
566
570
557
562
579
601
613
567
543
560
575
561
545
556
551
547
569
558
571
564
553
561
563
559
564
566
583
579
584
550
534
538
534
552
556
559
544
526
537
540
527
532
542
548
558
565
525
522
521
516
519
529
536
533
546
547
557
508
499
514
524
526
523
520
525
531
528
535
512
521
509
529
511
490
510
517
516
525
537
526
508
501
508
534
532
536
533
519
494
499
506
517
523
496
485
501
508
513
507
513
512
532
536
526
524
518
523
528
543
534
514
490
500
515
516
512
501
508
507
507
514
520
526
524
507
490
493
505
499
504
512
523
520
527
543
530
522
503
522
514
515
511
518
474
489
508
488
482
466
457
449
444
444
428
419
441
442
435
405
423
446
464
481
478
474
478
470
481
488
494
501
501
503
490
498
525
546
517
504
477
473
491
503
501
517
516
500
494
499
480
489
500
502
503
514
521
514
510
509
524
529
514
486
470
479
496
514
524
493
500
516
529
545
550
517
501
506
505
511
529
525
498
499
499
501
499
489
508
509
507
506
504
502
499
510
517
530
546
535
513
520
489
486
501
505
499
514
516
496
512
531
520
506
498
508
494
506
513
545
528
488
490
487
497
511
521
518
507
504
514
511
509
513
512
515
525
514
517
528
536
536
488
494
491
506
527
503
495
506
498
492
500
514
533
508
501
503
508
509
518
519
498
502
507
520
532
525
502
512
502
492
495
515
548
531
495
499
489
499
507
504
511
525
539
529
497
487
507
500
516
519
502
512
525
532
532
503
484
503
513
534
523
514
511
504
476
485
497
499
505
506
521
514
524
524
536
523
521
516
535
515
519
495
503
511
511
514
504
502
523
527
522
527
494
492
496
501
506
516
528
521
531
517
509
527
535
529
519
529
540
533
524
515
503
482
494
495
502
501
516
520
515
516
500
505
517
527
521
515
520
508
523
516
525
539
517
499
502
525
520
505
503
511
496
510
500
507
497
498
515
534
513
490
493
516
519
514
523
540
549
538
528
516
543
554
547
530
518
530
546
540
506
498
520
544
555
532
507
514
527
539
540
520
510
515
527
519
526
534
535
530
534
506
504
507
515
531
522
514
516
519
535
511
511
521
548
542
513
485
504
513
491
489
500
513
518
512
508
499
518
528
513
494
502
521
526
513
517
535
550
520
514
492
519
536
531
506
504
495
494
515
522
518
515
509
508
504
512
503
515
522
526
506
502
514
504
495
492
510
526
524
502
495
511
516
508
511
507
513
517
529
502
516
518
509
512
502
507
508
489
500
512
521
508
511
501
523
511
512
510
528
525
533
529
537
506
503
509
519
495
499
512
515
518
491
499
493
499
502
515
515
510
516
527
521
519
531
534
524
505
497
483
486
489
493
504
514
511
519
516
516
522
515
484
487
501
527
543
527
523
517
508
501
481
489
510
530
536
511
487
490
502
527
529
534
508
519
534
549
495
479
502
529
545
514
510
506
506
504
512
533
539
533
536
511
519
514
502
491
507
499
501
512
523
524
519
540
545
523
523
518
527
532
527
520
516
513
477
497
492
503
520
514
482
493
505
501
500
509
509
513
501
512
538
536
518
503
502
499
506
525
524
508
505
494
507
518
518
514
520
493
507
523
528
532
491
484
501
496
498
507
512
525
528
522
522
515
506
518
498
503
512
501
494
504
504
511
525
518
495
502
500
512
518
515
529
523
509
501
505
513
536
522
512
504
495
500
496
499
510
503
497
493
495
503
511
521
541
543
530
509
495
496
521
553
554
524
506
495
492
490
497
515
515
528
517
500
499
499
505
496
494
496
503
515
533
542
533
517
478
505
503
529
563
553
482
470
488
494
510
501
517
521
524
532
521
524
521
527
528
541
558
4
545
522
516
526
537
545
557
0
419
415
435
446
462
448
455
466
454
458
489
482
477
476
496
523
530
541
545
522
516
526
537
545
557
563
559
564
576
552
529
536
537
531
525
538
546
552
562
555
543
536
540
543
548
549
554
574
604
583
584
577
535
499
495
491
505
518
527
534
535
532
532
535
535
540
535
531
557
593
618
601
520
493
510
541
535
542
552
542
557
575
585
563
576
579
593
569
542
556
591
604
541
545
540
549
561
552
535
513
514
519
529
530
531
531
535
547
551
560
557
558
562
557
565
517
501
509
507
523
536
519
509
526
524
518
527
535
537
545
563
571
578
576
580
550
515
513
506
514
534
557
538
538
540
510
513
529
531
514
513
532
541
538
548
565
585
557
524
491
504
510
510
532
536
516
509
519
514
522
527
527
531
535
523
514
509
522
528
520
527
521
519
517
506
507
510
526
515
501
506
520
522
519
508
478
490
502
513
517
530
542
571
572
511
506
521
495
494
502
506
489
498
490
503
511
517
528
531
522
527
533
525
532
515
527
553
540
516
486
468
472
488
504
500
498
500
507
512
513
512
505
505
511
534
526
510
525
489
460
466
479
445
417
401
418
433
444
461
475
474
483
476
466
478
489
490
509
520
504
469
470
480
496
491
502
505
475
479
488
507
510
495
509
505
481
481
494
517
542
512
482
472
483
495
497
508
512
496
504
518
522
497
502
522
516
497
499
521
533
497
484
504
527
520
507
496
500
500
490
498
502
517
526
545
535
536
530
490
492
493
508
519
526
510
487
490
503
524
517
521
518
531
514
497
505
503
513
526
525
542
531
521
503
484
481
484
497
513
510
507
523
529
514
503
500
507
519
523
523
545
522
492
481
482
486
507
524
532
512
499
509
520
512
516
515
522
520
505
508
519
506
505
511
508
515
515
525
532
531
537
536
532
493
478
486
476
477
493
504
512
517
515
500
474
481
495
498
494
485
479
485
493
491
439
413
389
402
410
406
405
412
424
435
429
413
410
414
409
423
432
452
457
487
481
486
475
486
488
480
514
527
516
514
518
527
525
530
540
541
554
552
540
542
551
549
550
559
555
550
553
550
544
555
573
586
575
572
588
592
535
495
504
522
519
525
527
536
557
573
582
566
535
534
551
538
502
512
514
515
517
518
520
535
537
544
533
531
514
519
533
534
558
548
522
534
524
524
517
503
493
503
512
524
532
535
519
516
515
525
544
546
542
556
548
531
512
527
542
549
495
476
479
491
507
521
518
530
542
520
516
506
508
518
510
519
537
537
541
535
525
519
494
477
481
496
502
512
521
527
545
563
545
507
481
483
501
513
516
518
528
543
535
525
492
470
484
494
504
519
515
516
514
528
535
523
516
507
508
522
522
523
527
544
522
503
498
489
506
520
527
523
506
508
516
511
493
497
502
510
524
529
532
544
537
517
519
517
499
502
515
528
504
473
492
486
491
494
500
496
490
491
475
471
457
451
444
443
442
448
436
422
406
424
401
385
399
425
436
459
456
453
463
470
485
486
500
507
514
534
544
560
565
545
536
516
510
539
562
532
509
519
528
541
550
559
565
559
546
542
535
541
555
557
542
532
538
557
561
562
551
546
532
514
527
531
551
530
508
515
515
520
520
535
548
555
555
546
525
516
517
521
518
535
534
520
499
505
522
532
531
517
505
515
518
523
534
520
518
531
528
531
525
524
505
480
489
504
521
535
542
520
513
521
536
541
541
523
528
532
529
507
480
486
480
492
500
507
512
513
516
534
569
575
539
521
497
479
492
493
483
491
499
506
513
525
526
524
528
526
508
492
510
542
557
559
526
509
480
458
471
481
495
500
516
518
509
502
511
518
528
548
543
547
554
533
506
485
484
495
493
502
516
528
504
508
513
525
524
531
529
541
512
507
519
547
545
537
456
469
488
504
507
3
524
540
529
514
500
495
507
507
506
521
536
526
526
7
489
492
495
508
521
536
540
501
498
506
498
503
524
540
529
514
500
495
507
507
506
521
536
526
526
7
489
492
495
508
521
536
540
501
498
506
498
503
524
540
529
514
500
495
507
507
506
521
536
526
526
521
526
509
510
503
508
507
508
528
517
501
512
521
532
519
503
464
480
492
504
500
504
506
516
534
508
507
489
491
499
514
523
525
512
526
519
531
500
502
513
522
525
503
501
488
497
504
527
536
519
523
506
513
522
515
493
499
516
530
521
520
505
515
534
532
516
527
505
526
526
516
535
522
516
503
515
527
518
510
521
539
539
540
528
523
507
512
516
524
531
549
558
523
479
486
499
501
515
524
517
513
530
531
547
521
510
517
511
535
540
541
507
498
497
512
509
511
521
518
515
521
516
495
482
482
494
519
539
546
500
498
506
524
519
510
496
478
483
492
504
499
519
506
503
509
502
505
505
504
520
518
516
517
507
512
497
495
510
521
530
521
507
520
508
492
500
497
517
496
487
503
516
517
533
516
506
489
499
508
519
538
524
508
499
493
477
487
500
505
504
512
522
529
533
526
513
503
512
518
518
530
514
505
499
504
532
507
509
516
504
510
509
509
515
511
518
535
528
494
498
513
532
535
532
537
538
548
540
548
517
500
490
514
533
546
523
517
525
515
508
507
514
523
524
511
519
515
520
539
553
559
546
511
515
525
539
519
508
495
521
520
512
519
511
509
522
531
534
533
520
522
525
513
498
505
521
525
526
517
519
546
520
515
526
528
503
510
509
501
487
499
501
505
479
469
478
486
504
502
484
476
490
485
492
507
506
514
507
507
487
492
501
487
495
503
508
517
520
505
509
511
511
517
516
513
513
519
518
501
502
470
479
490
501
527
524
496
492
494
491
498
514
519
518
509
503
504
502
507
503
509
517
536
545
528
485
489
513
541
519
496
512
500
503
518
508
513
507
501
501
503
487
475
490
492
505
511
522
518
513
520
528
535
527
506
506
508
504
496
509
520
530
514
515
509
522
511
515
492
488
504
507
502
509
523
537
531
525
507
519
520
520
525
520
501
505
518
518
527
518
494
498
500
517
531
518
527
536
538
525
522
515
496
509
500
501
498
496
503
503
494
505
510
510
521
521
522
525
510
519
542
566
553
532
478
463
480
497
507
508
504
513
505
477
474
478
487
500
504
510
519
528
521
516
489
488
502
514
510
518
506
511
537
541
511
485
489
491
501
510
503
493
503
510
518
529
531
513
510
524
520
507
514
497
506
520
527
524
500
477
490
504
509
513
516
508
519
526
537
526
491
492
513
535
507
502
512
500
521
529
510
494
495
505
519
512
507
517
516
517
510
532
550
514
517
525
538
538
522
518
515
503
512
506
507
515
503
508
509
517
523
531
530
524
533
535
528
535
527
541
556
553
533
492
494
527
515
479
495
509
500
499
510
522
516
520
506
511
515
519
514
515
532
536
525
517
509
518
507
508
521
502
503
511
510
514
515
516
524
517
515
521
503
493
507
521
517
506
504
521
525
518
517
518
523
529
547
537
505
512
525
519
523
515
477
494
520
528
510
503
498
492
503
503
496
507
515
519
529
537
553
545
508
490
511
507
518
505
508
523
514
459
458
471
482
491
495
499
509
514
523
513
502
505
496
501
518
529
530
528
503
493
510
504
487
488
503
515
531
530
526
480
474
478
494
509
518
507
507
518
505
503
509
526
535
513
507
503
526
521
510
521
511
500
509
510
511
500
506
519
529
513
511
502
500
507
505
516
516
531
534
514
513
511
498
499
513
535
523
503
501
502
503
503
510
508
509
517
516
521
509
516
524
529
509
510
498
505
515
513
520
513
511
516
528
510
500
500
497
505
511
512
492
509
527
525
507
517
500
493
461
449
451
455
438
0
507
503
507
493
499
507
513
507
502
511
522
516
509
499
5
498
507
496
487
495
520
530
528
528
529
520
507
503
507
493
499
507
513
507
502
511
522
516
509
499
506
508
507
509
499
519
523
518
522
487
499
514
523
519
499
500
502
497
505
501
504
519
538
530
522
532
514
508
500
498
517
518
497
497
499
505
501
495
520
519
505
486
486
485
495
508
505
510
507
508
513
485
487
493
496
498
504
513
526
543
528
499
512
522
516
524
534
527
507
496
491
493
503
518
502
510
516
522
520
531
530
516
501
502
516
526
503
498
500
513
529
531
528
505
500
509
514
500
513
515
510
505
492
492
505
516
527
510
498
510
507
510
518
512
506
505
501
510
512
503
483
497
513
510
514
522
509
492
500
505
514
512
502
499
511
533
551
548
536
508
491
507
539
554
539
488
476
487
502
499
502
508
520
510
513
516
511
502
504
499
513
508
520
520
522
522
538
516
512
509
493
495
505
518
492
492
505
508
508
510
506
514
516
491
473
482
486
490
493
478
481
466
442
432
433
444
457
465
480
486
497
496
509
509
524
526
511
515
489
503
522
516
511
525
524
514
521
536
540
549
544
539
533
535
540
544
539
535
527
537
549
509
500
508
511
524
527
531
541
539
529
530
512
523
518
501
507
518
539
542
549
517
504
496
508
499
503
488
471
490
475
477
463
448
436
435
434
433
433
441
443
447
450
435
428
428
437
451
460
476
483
506
509
486
491
496
500
500
516
536
537
545
532
542
552
571
545
544
539
531
525
540
564
557
545
549
546
536
535
530
529
547
559
551
547
545
533
523
523
523
532
539
539
520
503
521
528
534
538
521
514
500
503
522
548
566
543
534
527
530
535
541
513
507
519
521
527
531
528
534
533
493
496
501
521
543
541
548
524
502
505
517
521
517
514
504
519
528
529
522
533
532
534
500
479
498
516
529
525
534
533
520
513
521
532
552
545
521
515
505
506
521
516
494
509
529
523
488
467
488
511
518
512
502
509
527
507
507
502
495
502
505
516
503
490
499
512
513
524
540
491
463
475
492
492
494
493
499
496
505
490
497
498
466
459
465
465
459
462
479
484
489
485
470
490
510
517
515
510
509
524
537
539
541
535
554
545
533
530
532
520
515
519
540
553
537
525
522
528
538
536
528
546
532
524
525
532
530
522
506
508
502
512
521
521
520
510
517
514
517
514
495
488
486
489
500
505
506
481
467
474
482
464
456
452
464
439
442
462
480
498
477
490
507
511
508
520
527
536
548
546
533
521
535
535
550
548
560
550
505
506
526
544
553
551
536
546
539
544
530
520
519
523
534
561
562
542
523
523
527
523
524
525
533
535
540
521
520
524
533
533
557
542
507
491
497
529
543
555
532
501
488
499
506
512
519
528
532
522
511
509
514
533
552
565
539
534
483
498
511
529
543
542
511
509
506
521
523
532
544
557
538
490
499
517
517
528
525
523
541
544
516
501
496
494
497
508
517
521
522
508
528
528
512
504
498
504
506
520
539
534
504
500
494
488
504
493
484
497
515
519
507
502
490
492
503
499
508
517
519
515
525
516
517
515
522
526
525
512
494
497
509
519
533
535
504
496
508
516
498
480
483
503
514
527
533
525
516
527
530
514
494
491
494
491
502
506
516
532
537
533
511
495
510
514
521
510
510
499
498
512
490
474
482
477
475
462
430
440
446
425
414
409
407
400
403
407
417
439
446
444
452
461
466
488
497
489
498
511
526
544
535
522
519
533
530
530
535
536
532
534
551
566
566
530
519
542
559
564
560
549
536
544
556
552
535
529
534
533
515
518
535
551
532
537
543
538
554
557
547
534
540
515
512
504
518
538
539
521
529
526
541
528
531
528
542
539
516
526
529
508
493
502
515
521
522
525
538
529
514
520
535
519
520
503
504
500
478
494
509
977
468
468
462
429
442
460
428
410
412
414
418
430
434
424
426
0
528
519
514
498
496
495
484
493
493
477
468
468
462
429
442
460
428
410
412
414
418
430
434
424
426
436
449
463
469
475
480
487
500
513
522
540
550
550
543
555
526
511
528
556
558
543
535
531
525
528
538
547
545
547
549
553
568
559
550
563
535
530
528
523
535
535
548
557
572
555
525
514
522
538
557
541
540
524
529
533
528
516
495
507
518
522
521
528
539
561
548
528
524
537
508
502
505
519
528
547
545
524
529
533
528
524
534
539
543
516
518
520
521
519
518
518
501
499
496
495
502
509
511
512
522
518
523
530
526
531
529
539
506
491
488
498
512
495
503
523
532
528
525
508
497
519
523
515
518
536
535
513
505
504
490
497
495
500
501
505
508
513
514
522
523
537
533
518
521
542
508
493
504
522
515
524
534
538
501
485
497
511
505
509
506
499
494
491
492
504
516
524
527
535
527
514
502
492
496
506
498
507
505
513
520
521
521
535
539
518
508
514
513
513
516
508
501
508
513
516
515
509
513
505
496
501
499
507
518
523
524
529
547
549
528
507
478
488
499
502
506
513
511
514
499
494
513
539
519
509
493
502
516
503
491
486
504
500
487
496
514
519
502
495
493
500
516
527
526
490
483
491
500
508
513
505
504
513
515
517
528
532
544
545
533
535
511
487
493
515
512
504
471
486
497
506
513
518
521
519
512
513
507
511
515
501
507
509
515
513
514
533
537
511
510
496
498
509
515
519
509
487
493
503
509
511
528
513
520
512
524
507
501
491
501
514
514
525
501
483
494
512
509
508
509
505
499
503
517
527
526
494
493
497
495
499
510
514
516
520
510
508
516
531
526
520
516
524
513
509
504
485
497
515
524
521
523
527
530
516
525
530
522
527
524
523
528
529
507
532
525
517
522
545
528
519
507
497
511
508
512
516
518
520
532
538
538
535
508
498
514
537
529
510
532
513
497
486
491
495
496
506
518
532
534
548
555
555
502
493
491
484
502
522
531
522
514
497
499
507
508
516
526
525
501
505
514
509
521
540
537
517
503
507
511
515
528
536
523
482
494
513
534
510
504
512
505
510
506
515
528
532
508
506
509
512
513
508
524
530
539
528
498
500
494
507
504
494
503
499
511
511
521
532
512
522
516
521
499
481
501
508
517
513
502
514
520
509
513
516
497
485
484
494
503
509
517
499
489
479
479
498
512
499
505
489
494
498
495
499
497
496
509
503
498
507
516
519
515
515
526
524
491
498
513
505
491
493
493
499
499
507
525
526
534
532
489
504
523
511
499
504
509
524
509
497
497
485
495
510
515
525
534
537
522
501
491
505
500
498
512
515
514
510
520
521
521
528
530
529
525
518
490
498
517
530
532
504
507
511
515
505
500
503
517
531
523
514
500
490
512
515
515
513
506
507
499
510
503
520
520
502
505
513
513
521
517
525
494
488
495
518
520
517
517
516
505
490
493
500
510
518
528
535
522
517
510
514
522
527
538
510
488
496
496
499
506
515
525
524
503
504
506
506
508
503
513
509
513
520
521
514
505
488
494
494
508
510
520
526
516
517
498
489
498
498
492
507
507
501
499
502
521
521
525
517
515
516
522
526
509
491
495
497
507
520
514
520
517
511
516
507
503
518
532
512
511
509
521
521
534
545
541
528
522
525
528
529
520
519
496
495
501
513
522
516
519
524
530
520
531
518
519
526
529
516
499
498
503
517
529
527
527
521
514
522
521
507
517
524
529
524
506
501
499
513
504
518
513
503
505
514
524
519
514
518
516
522
521
517
510
498
505
520
538
542
526
497
494
501
511
511
509
516
519
527
519
515
511
493
498
492
495
500
510
502
513
510
513
515
506
506
505
502
507
507
507
512
517
526
492
496
512
517
508
506
499
497
503
509
513
518
517
10
509
500
511
510
525
532
517
508
509
515
538
540
531
491
486
7
492
492
499
511
527
515
510
508
508
510
509
500
511
510
525
532
517
508
509
515
538
540
531
491
486
7
492
492
499
511
527
515
510
508
508
510
509
500
511
510
525
532
517
508
509
515
538
540
531
491
486
487
484
485
501
514
523
519
514
529
519
502
501
514
506
502
498
489
505
516
504
508
528
534
537
537
511
465
469
481
493
502
505
522
532
517
521
503
520
528
542
538
532
508
512
485
490
506
509
496
498
499
505
520
511
517
509
520
527
522
526
526
524
525
526
519
533
508
498
504
482
497
499
497
515
527
508
521
496
499
515
508
512
516
514
502
486
496
495
486
489
503
527
535
546
551
541
546
528
521
538
554
548
544
560
536
506
506
509
518
508
521
524
525
521
522
506
515
521
514
516
517
513
529
550
568
541
512
492
513
521
533
552
560
541
499
501
517
512
498
502
510
526
535
535
524
525
520
528
543
553
521
493
503
510
507
504
508
511
511
518
523
519
517
517
528
546
558
523
527
537
519
517
493
487
502
524
521
501
500
511
528
526
515
514
516
526
527
520
500
496
499
510
515
527
541
540
499
474
493
502
510
525
542
522
491
499
522
527
516
506
505
515
515
504
503
510
526
533
527
531
553
562
546
515
484
506
515
532
520
503
503
481
484
501
515
503
480
494
487
468
475
474
465
466
464
466
458
469
483
499
510
507
486
458
467
466
482
509
515
489
480
493
490
499
512
496
489
494
499
514
533
533
497
495
483
483
506
520
524
523
479
466
487
498
510
524
528
522
524
504
488
502
506
493
495
507
530
545
505
482
481
490
498
505
504
500
510
519
529
520
498
510
526
517
504
488
492
495
491
510
531
523
512
489
498
509
518
518
528
516
494
501
517
520
531
544
525
495
516
492
499
499
515
509
496
503
515
510
506
509
505
503
504
509
509
512
520
536
562
546
524
500
479
476
501
511
523
489
496
511
516
507
508
508
514
507
518
545
557
551
545
500
498
485
499
503
529
524
522
508
491
503
511
529
534
542
527
505
509
523
543
540
494
497
509
512
529
544
531
534
524
522
528
530
535
551
542
520
496
498
501
511
514
522
524
524
505
502
506
511
506
506
514
509
518
535
541
515
484
483
469
456
441
451
457
447
442
431
425
448
468
477
464
430
418
419
436
436
440
447
471
492
503
515
523
526
502
500
503
509
518
521
540
544
551
538
530
511
524
535
542
560
540
538
524
528
527
519
525
530
541
550
559
561
518
525
539
551
542
512
518
523
526
529
538
536
550
558
553
556
555
544
508
517
523
523
526
539
551
536
500
494
508
515
515
513
522
522
528
525
518
517
538
542
526
498
501
509
511
523
537
552
523
478
480
495
496
501
509
519
513
518
524
534
530
523
521
525
521
520
486
481
501
518
526
495
488
498
511
510
511
520
520
509
518
513
499
502
528
541
534
507
500
528
530
528
524
525
535
526
499
474
474
491
498
508
517
525
535
539
523
513
520
526
528
558
551
524
489
489
505
525
550
528
526
525
528
522
521
512
513
523
536
530
533
538
515
513
524
517
521
529
518
506
524
535
523
514
521
529
522
497
491
500
521
521
513
523
521
517
514
513
521
513
487
492
487
502
504
519
525
520
508
492
478
497
505
494
504
510
513
510
502
511
511
508
519
519
512
508
518
530
533
533
524
522
525
520
497
488
497
499
495
484
488
483
490
498
506
503
505
523
522
529
522
532
511
523
504
527
528
513
512
504
493
490
498
514
510
501
511
527
544
534
521
516
496
497
498
497
508
513
520
511
490
494
499
500
504
499
508
507
514
523
549
533
520
519
509
506
492
498
498
516
523
505
508
513
509
514
502
519
525
526
526
522
486
487
510
516
501
502
515
518
527
536
551
566
559
564
561
538
569
50
544
532
534
536
544
544
536
524
523
516
531
545
543
537
521
536
530
509
515
519
521
521
51
523
533
550
544
532
534
536
544
544
536
524
523
516
531
545
543
537
521
536
530
509
515
519
521
521
516
3
533
550
544
532
534
536
544
544
536
524
523
516
531
545
543
537
521
536
530
509
515
519
521
521
516
524
533
541
502
499
493
502
503
508
518
523
525
525
517
513
508
510
517
521
516
517
536
550
531
516
488
500
509
502
518
540
539
501
502
504
501
485
500
514
515
527
512
510
506
498
503
532
553
529
503
490
524
511
510
523
530
539
538
518
514
510
510
521
515
511
498
500
505
537
540
511
511
504
501
523
531
505
481
483
495
500
511
518
508
507
515
517
548
529
532
532
532
525
536
552
532
525
523
515
501
510
510
513
520
516
510
520
514
537
522
534
522
526
526
529
540
556
536
522
515
539
532
501
486
478
477
491
501
516
539
531
527
519
510
511
509
511
526
523
534
519
503
509
486
495
513
528
512
507
500
513
530
532
515
521
520
522
510
505
502
501
499
530
541
540
512
508
508
514
515
527
532
534
547
544
523
506
494
492
494
504
512
514
506
526
544
547
522
527
515
512
525
535
531
502
521
509
516
513
524
523
521
510
509
499
508
502
516
530
510
521
529
516
524
524
512
515
509
514
522
534
538
538
533
534
520
506
487
492
494
507
506
521
540
533
536
504
513
486
484
495
502
502
505
502
500
513
525
526
523
528
522
505
486
494
519
513
528
528
516
497
497
512
527
537
520
500
506
513
524
531
526
528
518
528
540
550
550
525
508
506
517
505
508
507
503
498
503
526
524
505
515
514
508
463
458
451
439
421
419
427
419
405
392
395
399
388
391
401
399
401
397
401
412
417
424
446
468
478
474
458
460
466
462
468
486
511
521
531
532
535
525
540
550
567
556
531
544
532
530
542
542
540
547
558
549
574
560
545
548
546
547
543
549
573
581
579
567
542
521
522
540
548
557
553
548
550
526
516
519
530
535
537
536
539
524
522
513
529
538
544
534
512
502
504
516
541
552
513
492
505
513
533
524
533
523
512
527
526
528
529
521
522
530
560
535
516
499
502
513
503
511
523
527
505
509
511
551
536
542
541
505
520
533
550
550
550
529
502
512
518
531
506
510
517
528
518
527
515
504
509
529
540
539
542
535
524
521
516
529
541
550
520
501
502
500
507
514
517
502
509
513
517
516
502
499
505
508
528
541
522
500
492
541
517
510
493
500
514
517
508
516
510
526
517
505
504
510
516
526
545
573
578
489
466
494
520
537
549
517
524
542
540
541
536
548
553
561
542
525
523
525
532
530
519
515
516
531
539
547
550
521
512
521
524
543
527
506
519
546
545
536
526
506
502
506
505
497
499
499
496
500
509
525
516
528
529
511
500
503
489
496
493
491
499
513
501
514
508
518
516
517
534
536
524
522
516
492
496
511
526
531
530
516
506
513
529
522
522
533
542
501
494
502
498
500
501
501
505
509
506
517
543
551
529
496
489
489
496
505
513
508
514
500
508
503
505
518
510
510
484
481
484
497
503
501
522
511
516
502
499
521
520
513
532
532
542
532
534
521
518
523
483
489
484
477
465
464
463
461
462
469
473
486
502
510
535
499
480
456
473
486
508
504
514
515
506
518
519
490
496
519
546
528
489
486
471
473
492
506
515
525
523
530
508
492
502
521
523
529
506
496
517
532
538
534
498
483
493
498
485
498
504
505
520
525
506
489
489
495
506
501
513
517
524
518
497
490
507
502
495
489
499
510
518
531
524
507
480
492
506
506
487
465
465
479
489
503
504
498
492
497
488
506
510
515
531
541
545
534
517
516
524
502
470
475
490
499
503
505
498
503
512
514
519
528
544
521
509
523
540
516
501
517
515
519
492
482
494
495
495
504
519
518
544
512
516
523
506
503
521
549
568
529
473
476
506
521
522
539
541
2
508
520
530
535
538
518
529
530
544
512
516
523
506
503
521
549
568
529
473
476
506
521
522
539
541
540
546
551
540
517
521
532
547
553
560
551
528
495
497
514
509
522
502
502
523
536
540
552
548
538
528
505
505
500
505
517
517
522
509
506
505
526
535
531
528
540
518
486
499
523
525
507
524
522
523
520
527
501
503
496
524
519
510
517
523
534
531
525
519
509
511
531
533
539
522
518
508
517
513
518
520
534
538
522
524
529
512
514
533
502
512
524
522
482
491
506
516
516
509
505
544
520
542
518
516
512
528
520
509
498
508
502
496
500
519
530
529
504
492
513
519
522
493
474
492
518
513
523
508
490
527
502
503
511
533
503
520
514
496
489
501
517
521
517
504
501
513
516
502
512
511
521
531
555
528
488
486
484
498
507
534
543
542
520
499
493
505
522
518
535
520
501
474
479
490
515
528
523
513
524
527
531
533
541
538
501
491
488
501
503
513
518
487
506
505
527
523
531
521
510
493
495
507
523
513
507
512
510
521
524
541
533
536
496
483
501
501
487
497
494
501
509
509
508
510
515
516
556
557
546
508
481
482
510
511
502
487
493
449
440
443
434
405
379
382
398
403
415
422
420
390
397
411
435
461
479
446
433
456
457
471
478
482
503
511
500
516
508
499
502
512
526
539
545
554
521
503
497
507
530
538
521
527
547
558
554
562
538
529
527
518
522
517
515
518
530
537
542
555
557
557
553
559
569
553
509
497
500
510
512
512
511
518
521
516
514
532
532
512
514
510
522
539
559
563
545
490
491
506
527
509
491
497
506
513
513
520
523
506
513
525
545
558
538
535
518
481
495
530
551
519
479
482
491
504
521
519
507
521
513
507
516
529
533
528
527
527
535
525
530
527
497
482
482
499
506
499
507
515
516
518
529
538
552
545
524
519
499
518
538
543
513
506
495
515
512
513
522
500
490
490
486
501
497
517
537
543
500
485
495
494
497
500
486
495
494
485
490
490
495
493
485
450
421
436
465
422
411
421
417
425
408
417
436
450
443
426
444
462
458
462
479
475
457
458
474
484
498
521
519
515
519
535
553
558
524
521
539
558
580
570
566
539
529
534
570
578
568
549
534
523
529
545
561
568
533
528
544
562
567
560
553
554
552
551
540
555
555
556
559
549
488
483
498
517
537
517
524
531
533
536
531
535
545
531
528
535
552
551
510
505
522
544
524
497
517
522
508
512
511
509
507
515
527
539
535
525
521
522
519
514
529
517
518
523
510
507
515
540
534
516
519
501
500
501
505
500
506
515
510
515
509
511
531
517
504
498
521
535
591
581
540
499
495
499
504
523
515
490
512
527
530
516
485
491
499
497
505
518
506
510
517
514
526
514
511
524
509
503
510
513
506
507
492
496
497
498
515
510
520
506
487
490
481
475
486
498
462
424
420
416
420
439
438
431
422
436
444
448
449
477
471
423
411
427
441
451
474
500
517
525
528
508
501
511
525
540
538
555
568
573
577
535
531
532
548
553
544
553
568
566
551
537
551
552
552
555
565
571
576
575
578
580
552
522
530
541
549
564
572
571
539
527
519
516
530
539
549
516
496
506
524
528
517
525
535
533
510
500
505
500
512
515
523
522
532
526
526
547
544
524
521
526
518
510
511
540
577
524
482
491
501
508
515
526
531
523
523
528
529
519
524
511
512
527
523
509
517
524
526
500
511
523
542
539
513
503
485
494
508
520
521
518
528
529
530
511
507
504
509
498
489
502
520
512
497
507
519
524
521
520
512
511
519
523
529
540
530
524
505
499
493
480
490
506
517
526
528
517
497
500
504
514
515
526
537
538
504
489
493
518
523
504
498
516
511
571
552
514
519
518
533
533
528
498
481
504
498
505
523
538
538
467
3
497
510
529
1
490
489
492
508
509
510
512
505
524
516
505
513
510
517
525
520
520
521
509
507
484
483
497
510
529
1
490
489
492
508
509
510
512
505
524
516
505
513
510
517
525
520
520
521
509
507
484
483
497
510
529
516
502
515
533
556
532
508
551
525
490
477
468
471
479
501
501
504
519
522
530
525
522
509
518
518
523
522
513
522
522
520
521
526
531
521
507
506
507
509
531
553
518
502
499
499
507
511
500
503
510
513
510
523
525
523
529
525
534
535
523
522
517
515
516
529
532
524
506
513
512
527
504
499
513
486
481
479
481
485
465
468
462
456
448
466
482
472
447
407
407
429
433
433
435
431
430
430
447
441
448
468
474
495
504
513
532
561
568
565
534
530
533
532
551
551
545
550
548
543
551
540
565
555
558
577
587
575
567
557
548
555
560
572
529
522
539
529
541
540
580
592
572
576
557
548
520
515
508
495
504
508
519
539
539
534
536
546
530
532
550
554
557
534
516
517
545
528
503
503
505
503
523
542
546
517
498
524
542
543
534
510
518
540
517
526
530
511
481
477
495
511
499
499
503
515
529
542
558
558
546
514
504
516
543
550
485
453
466
482
502
509
508
508
503
497
528
539
561
579
541
518
473
447
465
478
484
492
480
485
463
446
450
450
469
459
454
434
402
413
438
465
484
478
419
411
431
437
462
471
443
460
481
481
519
523
519
532
521
527
534
539
547
554
536
534
539
566
565
548
552
561
543
562
542
548
554
565
555
544
541
517
526
527
535
513
519
536
539
514
524
536
547
535
526
534
537
523
524
503
488
493
501
498
508
510
516
495
499
516
500
494
510
519
518
519
505
501
507
509
510
522
501
499
509
507
527
518
495
514
508
498
497
515
523
528
518
521
536
523
524
501
501
502
488
487
486
500
510
521
525
517
531
547
539
510
505
517
545
527
510
529
533
546
542
473
459
474
486
497
506
511
516
523
526
511
510
523
531
542
550
534
556
541
511
482
488
503
510
491
491
507
497
503
510
506
513
508
510
510
513
523
522
534
539
507
510
532
506
490
488
493
504
516
518
524
504
506
516
529
531
506
486
488
505
506
512
547
545
522
476
481
497
514
514
498
500
496
500
501
499
512
511
514
520
524
531
532
521
536
544
472
462
489
498
484
505
520
511
514
518
509
514
522
533
540
548
535
487
489
494
511
527
528
498
509
474
481
496
494
492
513
525
533
522
490
486
503
501
507
507
506
517
529
515
510
515
521
500
502
493
511
510
498
502
510
518
514
515
507
532
539
521
508
501
524
542
503
504
513
497
520
506
488
496
503
504
512
512
518
510
505
520
524
529
526
547
563
508
495
482
503
496
491
497
475
475
471
485
501
508
511
519
514
512
514
510
512
536
540
541
511
518
528
545
557
552
539
548
547
546
529
528
545
538
529
527
516
523
537
536
542
555
551
536
539
530
530
542
522
494
513
523
532
526
510
503
514
530
529
508
501
501
503
497
489
496
513
523
522
529
528
500
493
507
505
505
513
535
531
520
506
512
511
511
504
505
512
516
537
533
515
505
504
483
500
517
521
514
513
512
513
516
523
527
521
504
498
506
517
518
525
518
521
505
504
520
522
510
508
509
497
508
515
522
518
514
510
511
512
522
536
518
503
508
506
510
522
538
533
519
524
541
497
494
501
509
528
542
544
515
481
469
485
503
524
530
496
495
507
507
506
508
502
496
506
524
523
503
511
537
546
549
518
507
505
495
502
498
508
505
505
514
520
511
510
515
537
532
531
532
512
518
502
492
493
498
499
508
501
513
520
523
522
517
514
513
532
532
525
517
533
529
519
497
505
496
500
491
493
510
516
508
522
534
511
493
495
489
508
508
497
497
504
514
528
540
529
532
526
521
507
516
530
517
513
501
485
484
497
516
523
522
506
502
502
5
498
508
517
516
509
504
509
512
500
516
521
578
554
499
47
511
520
521
512
521
521
528
507
507
504
500
498
508
517
516
509
504
509
512
500
516
521
578
554
499
476
1
520
521
512
521
521
528
507
507
504
500
498
508
517
516
509
504
509
512
500
516
521
578
554
499
476
487
504
489
494
509
494
498
500
507
498
489
486
498
506
515
521
533
520
501
509
522
524
522
516
500
495
520
494
528
510
506
493
502
517
528
524
517
512
510
511
516
530
543
486
492
486
494
497
501
512
518
524
520
514
514
512
505
524
526
513
493
499
517
511
507
500
501
516
501
508
503
514
528
531
523
508
488
475
478
486
494
479
488
481
470
483
488
494
509
503
508
504
491
487
502
499
501
499
500
503
497
485
486
496
510
501
502
509
516
514
520
527
523
531
531
527
511
514
496
483
482
490
489
503
509
497
483
481
485
484
488
482
471
453
458
448
432
436
429
440
453
437
435
434
402
403
416
411
406
410
419
422
434
439
446
443
442
446
466
487
490
494
505
515
522
529
521
540
523
509
513
514
510
526
540
549
549
548
540
555
542
548
559
572
560
543
554
535
534
544
553
554
544
544
563
556
536
541
544
540
559
544
554
559
539
534
522
516
529
537
542
540
533
534
537
534
525
521
518
528
534
527
532
538
550
537
534
514
480
492
501
505
520
530
515
506
510
509
516
513
522
512
511
508
504
520
518
507
482
452
461
466
475
473
473
462
455
449
460
455
458
453
457
467
454
444
444
465
493
503
499
484
489
495
502
509
517
514
516
532
534
532
525
548
567
543
529
515
509
509
545
550
550
544
541
522
536
543
546
537
543
539
525
526
523
538
536
547
563
554
563
570
509
477
477
504
518
519
518
525
530
520
506
507
528
536
531
535
544
550
542
497
506
517
520
513
497
500
517
524
523
520
529
536
535
540
553
547
555
551
570
567
544
539
527
520
504
512
526
511
506
533
541
553
544
533
517
522
522
530
529
530
532
525
529
535
538
519
521
515
512
506
526
529
501
497
507
506
509
508
521
536
534
523
507
509
515
522
527
534
512
491
515
533
521
518
521
525
525
507
514
498
503
503
501
506
514
517
509
514
521
523
517
509
518
534
547
544
504
512
519
505
510
534
537
527
538
538
497
478
493
483
483
490
503
513
510
503
504
519
517
510
482
465
448
445
452
448
445
443
452
449
464
467
458
454
449
441
441
430
455
476
485
496
498
513
533
500
500
522
519
529
532
542
557
