577
563
573
640
561
536
396
428
490
491
498
559
578
587
563
583
597
573
558
598
596
673
676
637
571
596
510
438
495
501
485
525
554
547
522
519
563
573
551
536
556
567
557
522
549
575
538
523
550
562
562
511
499
553
557
510
471
538
520
505
507
617
645
546
456
446
461
469
446
499
524
525
468
507
522
508
478
502
538
521
474
502
558
531
479
502
576
558
501
524
538
535
521
505
565
558
478
458
517
506
497
457
486
521
510
481
477
515
539
504
484
558
552
553
568
619
550
479
382
463
501
499
457
508
529
520
482
508
558
528
515
568
724
708
540
417
462
480
476
473
528
518
509
511
568
593
595
487
516
509
520
484
515
556
523
500
508
548
588
596
648
652
525
411
404
475
496
482
473
521
535
528
503
550
558
536
499
536
557
530
487
514
555
528
499
482
545
536
494
503
558
559
486
434
520
546
467
425
485
518
509
464
484
513
483
446
472
503
471
404
436
513
508
461
438
498
504
471
472
551
557
505
453
509
542
520
464
503
543
541
481
511
532
507
464
471
523
534
521
524
567
521
520
466
521
537
481
451
509
527
508
460
511
538
525
486
534
559
511
459
488
541
544
486
501
556
567
534
510
542
536
506
451
484
499
492
459
507
529
507
468
505
520
507
474
488
528
523
489
491
524
517
485
477
513
519
488
471
508
518
495
462
493
509
495
442
434
434
407
352
361
385
355
326
339
363
349
334
323
372
375
371
349
408
433
427
404
440
465
472
457
496
522
500
480
532
572
566
513
510
602
584
517
515
565
560
557
528
576
614
574
519
535
558
539
529
550
574
591
573
571
561
520
460
463
497
524
489
503
544
518
467
452
485
472
438
414
446
452
427
401
438
472
467
461
458
463
480
449
462
509
498
501
516
565
547
544
528
582
575
547
546
580
595
571
535
572
593
554
485
560
565
553
525
534
557
556
533
542
582
562
532
518
566
543
484
466
519
527
521
504
540
551
527
495
534
548
536
478
512
562
556
512
510
535
532
493
502
536
535
507
497
531
546
503
499
541
549
516
494
530
543
526
503
535
567
554
492
506
531
517
483
512
544
537
492
484
537
540
509
493
536
552
523
482
526
526
500
491
512
540
525
478
495
528
506
467
468
501
484
454
430
427
415
389
358
403
409
398
370
408
429
423
389
425
473
472
455
493
529
518
474
489
541
532
511
527
579
575
540
525
571
575
536
510
558
572
553
524
560
582
576
518
537
571
557
518
525
566
564
531
525
565
557
533
522
580
579
541
502
544
554
526
501
537
574
553
506
514
565
563
516
493
531
530
500
500
553
556
517
496
544
536
499
493
533
542
524
486
517
540
511
472
495
524
518
488
505
542
514
479
484
515
508
486
480
525
521
501
476
521
533
510
477
516
534
514
484
502
532
513
472
498
516
521
487
497
540
533
492
484
527
528
492
478
529
538
508
486
521
532
508
483
511
536
515
480
496
526
520
485
499
532
543
515
515
542
530
489
486
547
547
487
463
507
535
514
464
521
547
516
486
504
544
531
495
508
536
526
491
490
541
534
494
477
529
529
501
469
528
555
527
488
516
538
507
464
506
537
514
480
500
543
533
496
500
531
526
502
481
525
535
520
489
505
526
500
466
520
539
514
475
502
534
517
482
514
542
528
483
492
529
536
500
486
532
534
506
485
541
547
519
482
529
540
531
494
522
555
520
483
520
551
533
471
483
525
535
499
493
553
548
507
458
522
527
505
489
527
530
506
472
507
536
513
475
504
544
525
485
492
529
523
491
488
526
524
496
477
529
527
497
470
521
536
505
476
522
539
527
474
485
504
492
461
471
506
505
479
483
521
519
491
485
537
541
500
479
518
535
520
480
505
516
505
475
508
543
515
484
503
541
528
499
498
535
521
490
477
536
530
513
481
518
520
497
475
514
543
534
493
502
522
505
461
498
536
516
482
485
523
525
497
501
534
518
494
472
510
520
498
469
511
517
511
490
533
529
501
460
488
521
527
486
494
535
524
492
484
527
523
496
493
547
552
520
493
545
535
503
475
511
535
510
480
521
546
526
468
486
539
528
498
502
541
542
514
502
567
560
528
473
491
521
499
474
522
536
516
487
520
545
530
491
505
538
525
485
499
548
542
508
505
545
541
511
484
524
539
521
474
503
526
508
480
513
536
514
479
501
529
518
480
489
519
514
488
491
529
541
520
491
523
538
529
491
500
510
496
462
496
503
497
489
507
532
518
492
503
528
516
492
491
524
523
488
486
521
524
514
492
523
530
517
478
497
514
507
483
513
519
508
493
510
528
510
486
489
517
513
491
487
518
522
507
488
526
539
514
475
503
525
521
493
512
529
528
498
495
508
508
489
491
523
522
506
506
546
549
519
475
516
531
522
502
518
508
497
484
506
521
510
481
494
522
515
486
487
517
515
500
512
541
539
512
489
519
523
501
494
525
544
530
503
501
517
507
482
514
532
514
498
511
537
529
499
491
515
525
505
490
523
519
505
497
529
541
511
486
513
529
511
489
517
541
511
478
482
513
507
489
494
522
517
501
492
522
520
515
503
527
533
509
489
513
526
526
499
505
506
480
466
484
514
505
473
475
504
508
487
480
509
515
495
479
518
521
505
484
511
527
509
495
522
545
521
499
508
547
510
479
495
526
528
512
514
541
545
528
530
547
546
539
510
544
543
534
514
538
549
534
505
527
557
547
523
527
545
538
515
514
546
543
526
515
539
541
538
522
544
534
515
493
526
531
518
500
513
531
517
497
519
536
533
503
500
528
524
509
498
515
506
493
476
493
504
477
431
452
454
435
406
432
454
442
421
456
489
486
484
491
523
523
504
509
550
555
540
528
556
563
552
542
572
579
570
536
546
568
565
514
542
555
540
519
521
552
561
543
534
562
559
536
523
550
545
544
521
548
554
536
530
545
557
524
491
507
538
525
505
522
547
542
520
515
532
543
531
515
542
545
527
507
527
543
532
514
518
524
525
503
511
524
501
482
498
524
510
492
495
524
521
501
502
537
536
527
495
516
500
489
479
493
503
503
486
509
525
518
492
509
527
519
490
500
533
530
517
511
534
527
497
485
517
518
505
495
512
525
509
493
513
533
532
505
524
536
528
503
515
530
514
504
512
539
525
515
504
528
539
532
502
524
529
514
495
516
517
537
520
525
536
513
516
520
534
508
494
496
521
527
511
493
520
526
515
496
517
522
526
494
514
536
526
516
525
524
510
491
503
525
527
508
513
526
522
514
509
513
512
495
486
513
513
507
493
521
535
521
497
499
512
503
484
486
512
503
477
488
529
518
498
493
522
505
506
489
498
514
498
484
507
507
505
497
512
514
510
496
507
520
508
487
485
495
510
497
498
518
513
493
486
527
538
529
484
499
510
497
486
502
519
509
487
504
528
507
481
494
514
505
493
487
507
508
497
496
523
521
507
488
516
519
519
498
515
519
511
494
510
526
521
508
516
522
519
503
504
518
524
503
502
516
524
520
512
542
546
522
484
500
521
510
493
521
528
523
504
513
528
520
501
509
527
526
509
510
536
527
510
494
506
511
503
491
519
537
517
503
512
524
510
487
475
507
495
493
510
526
523
511
500
520
525
506
505
525
527
518
500
529
530
515
485
501
515
509
488
504
528
525
486
489
504
509
498
503
527
522
501
488
512
508
506
486
514
519
505
488
495
510
506
504
515
524
522
501
512
526
518
487
500
531
512
505
505
539
544
513
487
511
516
514
502
515
525
515
495
503
517
515
499
505
531
525
496
499
522
521
510
500
528
540
511
497
516
506
504
480
505
513
508
506
519
525
518
498
501
514
523
506
510
531
522
515
495
519
511
499
496
517
503
500
485
499
493
477
453
461
462
448
419
414
417
406
385
385
408
412
400
412
426
445
439
449
467
478
474
475
521
544
514
493
512
532
541
522
539
557
552
527
534
552
554
537
539
567
556
537
525
555
555
546
522
551
569
545
519
552
557
538
511
544
559
546
530
536
571
559
538
517
528
533
511
514
536
546
539
527
539
539
532
512
539
548
534
524
533
546
543
525
531
549
557
533
526
543
536
522
529
553
537
514
515
529
541
526
508
513
513
505
501
522
530
522
509
522
529
528
510
515
539
536
516
514
532
529
519
503
525
534
519
521
529
524
512
492
522
549
531
488
498
505
475
477
482
508
500
495
488
518
522
501
487
503
514
500
500
516
518
498
494
505
525
511
493
506
522
502
493
505
523
527
504
511
541
529
503
501
529
533
522
500
515
529
513
494
515
522
506
482
516
523
521
505
493
510
520
494
504
530
530
491
492
531
532
508
491
495
500
502
495
525
540
543
509
519
518
513
500
512
530
513
497
485
523
523
510
510
535
517
501
490
531
539
524
483
520
532
533
508
516
520
508
487
500
520
505
485
491
524
523
511
491
513
518
505
494
523
525
498
491
519
515
500
488
503
520
533
495
505
506
508
486
494
521
517
487
463
471
457
431
444
472
472
468
469
487
513
513
506
529
538
524
502
523
536
517
504
518
537
531
494
495
518
516
504
501
524
515
521
508
543
537
516
496
513
526
519
490
506
527
522
497
501
510
513
493
498
517
516
483
464
478
469
432
418
431
416
386
379
398
394
382
355
400
421
417
400
419
439
426
405
427
451
474
474
479
499
513
500
492
516
537
536
533
544
548
549
535
557
568
567
557
571
587
569
539
546
562
554
540
553
571
565
546
532
560
549
533
528
553
567
549
524
542
561
557
547
557
574
565
538
546
569
552
534
537
556
541
540
528
550
555
554
520
538
536
530
519
540
548
530
483
527
553
546
538
543
547
531
514
515
532
532
514
514
538
531
509
510
530
536
524
512
525
528
521
498
528
531
519
493
515
529
523
510
521
533
530
516
525
550
539
521
489
516
523
515
506
509
520
539
538
538
533
522
498
507
534
521
489
500
531
518
509
481
504
516
510
498
520
515
509
501
516
517
504
499
526
539
529
498
531
547
532
510
520
545
538
506
511
527
535
519
503
507
513
507
496
513
515
495
484
504
515
521
521
515
505
498
475
485
500
498
487
488
506
500
478
483
513
509
491
491
530
525
507
491
505
515
509
485
506
520
514
497
502
520
516
490
494
519
517
490
494
520
522
503
497
522
523
506
482
507
518
509
496
510
519
510
491
514
538
531
505
506
517
523
507
514
533
515
498
489
523
520
513
507
527
531
517
504
529
547
510
489
513
533
522
501
510
531
528
511
500
537
526
507
496
512
523
510
509
543
557
530
487
493
514
509
495
516
522
513
494
510
533
520
511
526
534
515
500
501
527
524
515
496
521
535
513
507
524
526
519
505
522
535
535
503
505
510
515
505
496
507
505
494
496
522
517
510
499
531
524
510
489
514
519
505
486
509
522
519
501
520
521
504
485
503
527
541
509
485
500
509
504
505
533
526
517
498
510
526
506
484
494
517
510
477
503
523
523
495
508
532
526
497
500
532
542
516
504
543
550
539
531
547
538
531
517
514
529
528
505
513
508
523
516
518
518
503
488
507
522
532
515
514
526
518
509
489
518
524
522
508
530
537
522
508
509
532
515
504
505
522
519
498
518
530
527
519
521
535
531
516
507
517
517
514
503
520
522
520
503
530
532
515
505
520
528
507
483
497
516
517
502
513
529
526
510
503
528
525
515
497
506
514
506
493
511
506
498
461
481
503
493
439
445
438
436
401
403
405
401
372
370
386
394
394
395
413
408
413
402
416
426
438
443
468
493
500
495
521
523
530
501
526
540
513
525
538
5
520
527
527
510
516
535
516
499
494
527
535
528
518
523
536
528
519
517
535
530
514
524
538
530
517
514
534
532
525
513
524
520
520
500
530
535
529
519
534
544
533
517
522
532
525
520
528
527
526
522
511
526
529
509
502
527
520
511
503
514
522
515
503
521
533
523
500
504
520
516
507
511
526
521
510
509
522
509
503
494
510
519
510
504
527
534
524
512
513
522
516
507
516
520
506
495
503
522
519
509
517
528
523
517
495
505
503
499
500
516
520
512
492
511
517
509
504
517
522
510
500
519
538
530
516
515
506
494
494
502
527
518
505
503
510
528
513
504
528
544
540
516
523
529
525
510
514
532
531
514
512
523
521
506
509
526
528
519
515
517
525
519
516
535
539
521
508
512
515
508
498
504
513
505
505
516
534
527
521
514
525
524
510
506
515
520
512
505
515
530
528
512
505
495
497
487
488
504
504
487
490
515
521
502
509
515
525
515
499
516
516
508
506
523
510
512
501
518
524
520
505
505
514
512
502
511
524
511
492
491
520
522
511
504
521
517
515
510
511
506
505
498
517
526
509
494
514
521
509
498
501
515
514
502
509
524
518
507
499
517
540
535
498
497
497
493
483
490
495
495
479
491
493
493
483
486
502
497
483
493
512
506
496
496
519
515
506
494
514
509
503
488
503
517
507
494
512
515
505
502
507
520
510
492
506
528
530
513
511
523
520
508
503
525
538
516
498
512
511
496
490
501
510
507
493
514
518
518
514
514
521
517
504
504
525
517
501
492
507
505
502
497
504
518
513
500
511
513
507
494
507
519
517
500
499
517
518
504
503
522
517
503
492
507
515
507
496
522
523
512
500
504
509
508
497
506
524
515
504
509
517
518
503
504
510
514
502
510
523
519
498
492
515
523
507
501
511
517
510
501
507
522
513
505
512
523
522
515
514
518
507
514
502
522
520
507
499
508
510
501
491
509
518
508
497
512
516
508
501
503
516
514
504
505
516
513
509
502
529
532
525
506
514
515
502
488
505
506
503
494
509
519
505
494
503
517
511
498
506
522
521
507
500
521
513
503
493
521
520
510
507
530
527
517
508
510
520
516
512
518
527
515
503
507
521
516
507
507
528
522
506
501
518
517
510
504
517
526
517
510
518
526
517
503
509
524
510
502
507
517
514
500
508
519
520
503
490
508
510
503
488
516
524
516
505
521
517
504
501
500
518
509
494
500
518
513
498
499
523
522
510
501
520
525
516
503
521
523
520
503
523
530
519
509
518
524
508
499
514
533
521
501
493
514
512
503
502
519
525
513
497
520
531
535
514
508
515
516
500
519
535
534
525
523
533
520
507
512
521
520
509
512
538
531
517
501
517
528
523
507
521
526
519
511
523
525
524
508
517
531
522
511
511
520
512
494
496
518
517
510
503
518
521
517
505
514
520
505
491
503
514
514
503
502
519
522
507
509
518
513
503
506
523
525
516
509
522
524
516
510
528
523
518
511
518
527
519
509
519
534
532
514
509
521
525
512
510
521
516
504
501
516
521
517
503
511
516
507
502
521
523
517
505
512
524
515
504
503
511
515
504
508
525
520
510
505
519
522
509
498
516
529
509
497
513
521
514
497
510
518
516
504
510
539
530
491
489
510
494
474
484
503
496
485
482
504
513
500
495
507
518
508
485
500
511
500
490
493
513
506
496
499
514
496
495
503
518
518
497
493
518
519
508
501
508
513
506
490
501
518
507
497
505
516
513
504
503
514
507
494
491
510
509
500
495
516
519
510
501
520
528
516
490
508
522
512
499
516
531
522
514
520
537
521
497
498
517
516
503
496
519
521
515
494
509
517
508
495
511
516
515
502
503
510
507
503
508
528
510
501
501
516
513
506
499
519
515
502
495
511
515
507
503
521
522
510
494
500
512
508
498
499
521
515
511
514
533
524
515
503
512
5132
517
521
513
510
519
525
522
519
524
522
512
509
518
510
502
495
503
520
517
507
507
4
519
519
512
502
517
521
513
510
519
525
522
519
524
522
512
509
518
510
502
495
503
520
517
507
507
520
512
511
504
517
513
511
500
501
494
493
489
499
505
506
500
506
517
519
515
527
535
518
495
498
506
513
509
505
517
518
508
504
517
513
511
509
523
530
519
497
497
498
487
481
488
504
501
501
506
510
509
502
501
516
518
512
512
520
518
517
515
515
508
500
497
512
519
512
500
504
511
510
505
504
515
517
511
509
517
517
510
511
524
524
516
506
511
526
522
503
505
508
500
495
503
509
509
502
508
518
518
506
509
521
529
519
523
533
520
506
494
508
521
518
519
512
512
512
507
516
516
506
494
495
508
512
504
496
509
508
504
499
511
511
509
504
513
516
510
502
508
516
518
515
522
514
499
475
485
494
492
490
494
506
508
504
504
524
523
506
503
515
515
518
514
513
510
504
502
511
515
512
503
503
515
517
512
508
526
529
515
506
511
508
508
506
517
524
521
513
521
522
513
508
520
523
516
517
514
526
525
501
497
508
513
504
507
521
520
515
514
525
529
528
530
535
515
507
499
507
514
509
495
508
524
523
517
512
516
514
500
502
518
514
506
504
516
509
501
497
500
506
503
498
506
513
514
505
511
520
518
505
513
522
511
500
504
518
517
512
507
520
512
493
493
503
512
509
500
512
516
514
505
519
515
516
506
508
519
529
530
529
511
490
485
485
502
503
499
499
511
514
511
505
518
526
520
512
522
532
526
524
531
534
503
486
492
503
507
502
506
518
523
516
506
519
519
510
507
514
520
520
519
525
517
513
505
510
519
513
507
518
513
516
509
512
522
518
512
508
520
519
512
507
518
527
525
519
524
527
513
497
510
516
512
503
504
511
505
500
502
521
517
511
509
523
528
530
524
531
532
510
495
502
513
509
508
506
516
513
507
514
529
529
518
508
513
510
503
500
514
516
511
504
515
529
517
507
514
525
517
507
510
501
501
494
500
512
512
505
511
528
527
519
510
521
523
510
496
509
517
509
499
507
514
516
508
510
520
517
514
515
514
509
505
512
522
530
525
518
517
513
499
493
506
513
510
503
517
525
519
508
518
527
529
519
518
533
534
522
520
508
513
507
502
509
504
497
496
507
506
502
502
512
521
519
516
520
516
514
499
495
503
501
492
495
508
513
511
503
519
511
497
481
493
496
494
487
500
508
505
500
513
518
515
503
513
525
528
513
504
510
510
504
511
514
509
495
495
506
504
500
504
518
521
516
508
518
521
514
502
512
516
513
506
515
534
526
504
502
508
505
495
495
506
507
502
498
509
513
513
506
516
526
518
502
509
514
513
508
515
525
509
494
494
506
500
497
500
513
515
514
511
523
524
520
510
519
526
517
509
514
521
518
513
527
537
535
519
508
497
499
487
488
503
505
502
502
514
520
516
506
524
525
524
512
516
518
511
501
509
516
518
504
510
519
511
511
509
519
525
516
514
524
525
523
510
517
515
503
492
497
503
505
497
506
511
505
501
506
515
513
507
509
523
524
520
518
525
525
517
518
522
524
515
506
513
508
491
493
504
516
515
502
504
512
509
504
506
519
515
505
506
522
517
518
507
529
529
500
490
499
507
498
491
501
506
504
498
504
513
507
498
497
510
512
507
509
520
507
489
490
502
505
503
499
504
502
499
495
503
507
504
496
509
525
510
502
504
515
532
536
536
541
503
488
498
509
515
516
508
521
529
526
518
529
534
532
516
519
530
519
509
515
519
517
509
509
524
528
527
529
543
537
523
515
500
497
494
491
502
509
505
493
507
517
516
513
513
527
525
519
512
515
517
511
511
526
521
515
511
525
528
536
522
535
534
513
498
499
503
501
496
495
503
503
496
499
508
509
504
502
4
516
505
506
523
515
511
494
520
524
512
502
522
520
508
497
516
525
516
502
513
520
511
500
513
525
512
502
501
519
512
500
492
517
515
504
499
523
521
508
502
520
528
518
503
514
521
518
501
507
520
513
494
501
513
506
484
484
488
469
440
431
440
421
391
370
388
389
374
363
397
413
412
404
427
459
465
456
471
496
516
505
505
522
531
527
525
547
549
537
530
547
554
538
531
552
560
552
539
545
555
547
532
535
547
546
521
531
550
546
527
528
548
548
535
525
548
548
536
525
544
550
543
525
534
545
539
525
532
543
534
528
524
543
532
519
516
534
534
521
513
529
539
522
504
527
530
519
506
515
525
525
512
518
524
519
506
514
533
524
517
513
523
526
511
503
518
522
520
504
522
530
508
499
518
524
509
498
512
520
513
500
509
532
522
509
505
525
523
507
500
520
519
507
500
526
532
509
491
509
519
515
497
515
530
518
508
517
531
522
509
514
525
520
512
501
518
525
505
502
515
515
506
496
525
530
514
493
511
524
520
496
506
520
510
497
508
528
530
512
513
526
521
512
502
521
524
514
502
522
526
517
500
513
528
513
498
514
528
525
504
508
526
518
505
503
523
523
513
504
530
530
520
501
526
530
521
503
517
527
515
506
515
522
517
508
517
529
519
505
500
521
519
506
502
520
521
509
506
529
532
516
503
518
527
519
497
513
527
518
499
503
520
520
504
503
519
516
506
495
519
519
505
499
521
522
512
500
516
524
517
505
512
520
517
494
502
519
514
493
496
515
522
499
494
514
513
505
505
518
517
501
486
510
517
511
497
513
525
511
495
514
520
515
490
491
511
510
500
508
517
516
499
495
515
510
505
487
508
517
512
491
508
516
505
496
509
526
507
490
497
517
521
505
501
523
529
512
500
520
522
507
498
520
527
521
508
521
531
518
502
517
526
520
511
510
523
520
513
504
527
523
502
497
520
516
507
496
517
524
513
500
514
516
506
499
511
521
516
499
505
523
516
498
502
518
512
498
496
518
516
505
497
515
520
514
495
508
520
505
490
506
512
503
487
500
517
509
496
501
516
519
505
494
522
528
509
491
511
514
513
486
500
493
509
472
516
523
524
465
473
506
519
505
489
520
507
505
501
511
524
514
516
533
535
530
507
524
534
522
496
517
542
529
504
526
533
539
511
526
544
539
525
527
530
540
527
515
534
536
525
525
549
532
505
493
513
531
520
501
520
524
519
503
516
533
528
513
514
535
536
518
514
533
535
523
512
534
537
524
515
529
536
527
515
525
530
523
506
515
527
520
500
504
525
517
505
501
522
519
510
509
527
521
518
507
523
529
517
506
518
531
522
504
514
527
516
498
506
523
520
506
501
522
518
508
502
521
523
515
500
520
521
512
497
511
516
506
492
506
522
511
497
503
519
514
506
503
512
501
486
486
506
488
462
439
451
432
393
371
381
376
360
335
357
374
360
355
382
400
401
394
397
428
440
444
455
491
491
487
490
519
523
536
520
540
550
539
530
547
563
556
549
557
571
563
547
553
576
565
553
553
569
566
546
542
552
560
554
547
560
563
552
540
549
558
550
534
547
560
557
537
537
572
552
536
526
555
560
537
532
549
553
538
534
546
544
540
529
545
547
531
515
532
544
535
517
525
546
536
515
520
538
531
514
514
529
529
523
506
530
537
523
509
528
533
520
505
518
527
520
493
512
525
520
499
504
517
525
515
510
531
529
520
514
528
530
515
495
516
519
510
496
508
520
507
499
511
524
520
503
506
518
515
506
505
520
519
509
505
526
521
506
506
519
521
506
493
512
528
509
495
515
525
518
505
509
522
516
506
509
525
516
508
501
523
519
504
498
516
520
511
496
516
517
507
490
506
515
505
495
505
522
513
500
502
511
507
496
497
517
516
501
486
521
528
524
507
519
528
517
505
504
498
520
522
505
493
510
516
508
493
507
517
509
493
505
522
517
501
500
519
517
50103
497
518
520
504
498
520
522
505
493
510
516
508
493
507
517
509
493
505
522
517
501
500
519
517
501
3
497
518
520
504
498
520
522
505
493
510
516
508
493
507
517
509
493
505
522
517
501
500
519
517
501
496
520
519
506
504
517
509
497
489
505
503
496
470
498
510
495
479
490
510
504
490
495
521
513
501
499
518
514
499
493
514
518
502
490
514
522
503
489
502
509
508
490
503
520
512
496
503
526
524
502
501
521
518
502
499
517
528
513
504
521
528
512
494
513
519
508
487
502
515
510
490
505
516
517
501
506
524
523
508
504
520
530
512
505
517
522
512
498
518
526
515
491
508
520
511
493
498
521
513
500
506
520
519
501
504
518
516
504
498
520
523
514
498
513
516
509
494
512
524
517
502
506
520
523
511
503
518
517
500
493
515
517
502
488
506
510
498
489
509
518
509
496
515
522
512
496
509
524
513
499
501
519
512
499
500
519
520
506
498
519
519
511
503
520
525
515
501
518
527
513
498
513
523
520
503
513
523
519
502
509
533
521
499
497
526
528
518
506
529
537
519
501
519
525
507
490
505
522
511
497
511
530
517
496
500
520
515
498
496
521
524
509
499
521
523
509
498
517
526
516
496
514
523
508
493
511
525
518
499
502
523
522
504
499
520
524
515
512
520
517
507
492
516
520
511
496
516
526
513
499
506
531
517
499
507
524
519
500
505
527
525
507
503
526
523
507
495
518
524
508
493
513
523
512
498
515
523
516
499
507
525
519
500
505
529
522
508
506
523
520
511
502
526
528
513
502
520
528
526
500
515
530
516
498
508
524
522
505
506
524
521
503
502
525
522
510
504
526
527
513
500
520
522
509
499
522
536
518
505
506
517
508
501
500
506
501
478
473
494
489
463
450
463
465
450
434
453
444
423
397
409
422
420
402
417
436
437
425
441
465
461
450
456
486
492
485
477
504
513
502
497
526
533
520
514
534
545
534
519
539
555
548
535
537
555
548
532
535
554
553
538
535
555
555
543
531
549
551
530
528
538
555
542
530
544
555
542
523
533
547
538
519
520
540
538
517
515
542
539
521
513
535
538
526
510
535
537
525
519
529
533
527
514
536
547
538
519
526
545
540
521
516
536
528
511
507
531
530
516
507
527
532
525
506
521
528
518
510
530
530
505
496
510
527
520
504
512
533
525
508
501
523
521
512
502
524
527
518
495
514
523
515
496
509
523
518
501
516
531
525
508
514
540
530
514
509
525
523
515
507
524
524
509
497
514
523
510
501
526
534
507
489
506
523
513
498
501
517
510
498
498
523
520
502
503
523
520
507
500
513
520
508
493
512
519
507
492
503
521
512
489
495
518
509
494
499
517
516
498
496
521
522
506
494
513
518
508
494
514
524
515
497
510
524
514
495
505
520
517
497
501
520
520
508
503
522
519
506
495
522
526
518
504
519
526
516
499
515
529
522
499
508
527
523
498
508
530
516
495
492
522
515
498
492
507
509
497
467
480
483
467
451
461
465
446
416
427
433
427
406
411
431
421
409
412
440
447
428
422
453
469
455
450
473
483
481
473
488
508
508
501
512
535
529
517
525
546
545
533
534
560
558
545
542
560
562
554
545
561
566
553
541
554
566
549
530
544
559
549
529
537
560
550
535
537
555
555
536
532
552
547
528
523
545
550
537
523
543
548
541
522
543
545
532
514
524
538
529
508
511
528
526
516
516
536
530
519
509
527
528
517
508
524
532
513
498
515
528
515
494
512
530
517
499
509
527
515
499
504
523
523
510
506
523
532
516
507
525
532
522
508
529
541
525
509
520
532
526
505
520
537
531
509
508
529
522
502
497
521
521
507
498
525
534
521
506
529
534
522
503
519
532
525
508
514
525
520
716
504
1
500
512
521
515
499
506
518
510
497
506
520
518
509
506
515
517
510
500
513
512
499
495
510
516
504
499
510
513
505
497
507
512
503
490
497
513
514
520
528
518
495
484
481
494
491
480
475
497
505
504
488
502
511
506
498
513
526
517
502
503
520
517
502
511
529
524
516
514
534
529
517
512
528
531
518
510
525
529
518
506
523
529
525
499
510
524
518
509
517
524
522
508
511
521
519
516
512
526
523
522
508
539
533
517
504
517
524
508
496
509
514
512
491
487
487
483
450
446
440
430
416
407
413
398
390
388
404
407
400
399
417
425
426
432
456
475
468
473
484
493
501
498
508
531
540
527
527
549
547
536
538
559
550
542
535
551
555
556
545
548
552
550
542
553
562
554
538
544
561
558
540
542
556
556
531
531
549
549
538
528
545
545
536
527
544
549
536
527
538
543
536
526
538
544
537
526
526
540
540
529
528
548
534
521
515
533
537
529
521
535
543
529
537
556
543
512
498
520
539
528
515
521
542
540
504
512
532
532
517
507
530
533
514
507
524
528
521
508
524
529
525
511
522
534
524
513
514
528
520
505
515
521
518
511
513
530
522
510
501
516
520
513
504
521
527
516
505
512
513
515
503
509
521
517
509
513
533
520
511
507
525
526
512
507
525
532
519
504
522
528
521
500
507
506
512
497
495
503
495
477
483
492
472
454
449
454
444
416
402
411
401
389
365
389
397
393
379
396
414
414
411
420
444
453
457
468
496
503
488
498
518
524
518
517
539
545
537
532
546
557
545
524
540
551
549
542
542
560
555
540
548
557
551
537
540
556
549
542
540
545
549
540
532
550
536
529
522
541
537
535
524
533
539
537
525
529
543
539
531
533
539
538
531
532
540
539
529
520
538
537
532
517
532
534
529
524
533
533
527
510
517
529
520
509
512
518
525
517
511
525
521
507
505
525
527
520
508
524
534
520
496
507
521
528
524
507
508
508
497
503
515
520
503
506
518
523
511
503
517
527
518
504
518
526
515
499
517
521
514
501
512
525
514
501
509
525
522
514
510
521
519
514
498
521
530
511
503
523
523
513
507
523
528
514
504
518
532
523
520
523
527
520
509
505
518
519
507
493
509
522
516
509
526
525
515
505
526
523
512
495
510
521
520
502
511
530
515
501
503
518
516
498
497
514
517
503
504
522
521
511
501
514
526
510
497
512
517
510
501
507
526
517
510
509
518
516
506
506
520
523
504
498
516
515
507
501
519
524
508
492
512
515
503
501
505
517
512
499
503
517
518
509
507
515
508
500
499
510
510
492
483
497
494
481
467
478
478
455
434
429
437
418
401
400
410
398
385
385
396
408
404
402
425
430
434
440
465
487
484
480
507
518
515
510
528
540
538
522
533
549
545
530
534
551
553
533
529
546
550
541
541
556
550
547
534
552
560
548
534
547
555
547
536
544
554
549
541
538
551
549
531
536
553
552
542
526
543
545
536
530
541
547
532
514
528
538
539
516
531
534
528
518
526
537
533
520
521
539
536
521
512
536
536
534
524
532
536
532
521
530
539
526
505
518
528
524
513
519
533
528
506
514
534
527
514
517
531
529
521
511
526
531
522
508
523
526
514
503
517
530
516
509
521
532
523
508
511
528
520
508
506
522
517
503
497
514
512
504
497
515
516
506
503
514
520
509
500
509
515
509
504
499
515
505
489
498
519
517
505
498
516
515
506
503
519
515
516
499
511
518
512
503
513
520
520
496
507
518
514
504
506
522
521
506
503
518
518
506
500
522
523
508
496
509
508
507
495
512
520
516
501
510
522
515
501
507
514
512
498
497
510
515
502
494
513
508
496
490
505
510
503
494
508
517
508
495
505
509
503
491
501
517
515
501
507
529
514
508
500
519
526
509
504
522
527
513
501
515
522
514
503
515
523
517
502
508
521
517
6
519
507
515
528
528
514
513
530
533
52506
499
515
519
506
501
514
520
510
490
513
523
515
506
514
526
519
507
515
528
528
514
513
530
533
525
505
516
526
515
506
525
532
517
501
510
517
509
507
528
523
502
483
473
487
488
464
452
475
483
471
454
482
491
493
485
503
505
493
484
499
501
503
499
513
527
521
506
514
526
520
507
503
522
518
522
521
515
523
516
508
522
521
509
494
518
522
508
503
512
522
511
506
513
524
517
506
497
522
524
513
502
516
520
521
506
513
516
508
501
514
516
505
499
513
520
504
491
497
515
510
503
505
509
515
504
502
515
515
514
501
523
523
511
495
524
534
521
507
512
520
509
504
510
521
515
498
503
519
512
503
502
520
520
514
509
516
520
507
493
506
512
498
497
505
516
504
488
496
509
506
495
500
517
517
502
496
511
507
496
490
512
510
505
500
508
518
513
505
507
513
501
492
494
508
506
500
505
523
517
502
501
517
518
509
502
515
520
507
500
515
515
503
492
505
507
498
484
497
506
493
489
489
504
503
493
496
514
508
493
488
509
512
507
500
517
520
514
499
519
528
527
527
538
535
513
498
501
514
510
503
504
523
519
508
506
530
522
514
504
517
517
514
504
518
524
520
510
511
521
524
513
519
535
532
516
518
531
528
515
508
523
526
513
505
525
529
518
514
528
541
536
515
524
529
517
498
513
527
520
505
509
527
525
516
508
519
523
513
501
515
515
509
493
518
517
506
497
510
514
508
496
506
514
509
499
492
512
509
495
489
509
508
502
497
514
514
502
492
507
510
495
477
489
507
501
492
504
513
507
499
504
517
514
498
497
512
516
507
504
518
518
506
493
515
513
506
494
510
515
512
498
504
519
507
493
508
518
513
503
512
526
523
511
508
518
518
511
498
517
516
504
498
510
505
509
501
510
523
518
503
510
522
516
503
511
523
515
509
513
528
525
510
499
522
526
511
504
518
522
515
498
515
522
511
495
504
513
517
502
510
523
518
501
506
514
514
501
488
486
475
456
431
451
447
431
400
412
431
422
402
413
440
447
435
448
468
482
480
488
512
521
501
504
531
535
521
518
539
544
535
524
540
545
542
522
535
556
553
533
543
563
565
550
538
552
545
541
541
552
552
533
528
544
542
533
523
533
539
533
529
542
555
546
523
531
541
539
528
526
530
540
527
520
530
526
526
517
533
536
525
520
526
538
527
525
539
535
530
507
506
510
512
496
478
508
507
494
496
510
513
507
500
509
513
508
500
520
523
510
497
504
517
515
498
510
519
509
495
499
528
539
524
519
535
527
488
490
507
511
505
499
507
509
503
482
511
518
508
495
503
512
502
487
493
510
508
501
502
521
520
501
493
517
521
512
501
524
530
519
494
506
519
517
500
513
524
515
491
496
517
516
502
498
520
518
507
509
523
527
516
508
518
508
503
494
510
521
505
493
511
522
503
493
504
513
509
501
504
511
511
501
501
524
522
515
496
519
512
505
499
510
512
507
503
516
522
517
507
509
512
511
497
500
516
519
509
507
529
514
505
505
523
522
505
494
509
516
509
506
513
523
510
497
510
521
515
500
506
521
517
501
504
518
523
505
505
521
524
510
502
521
528
524
511
517
529
515
504
515
516
515
501
510
523
514
503
506
524
520
507
506
523
525
516
502
525
523
511
504
511
509
501
489
520
529
501
472
477
492
496
474
475
504
510
502
502
511
520
507
504
522
536
527
517
538
540
529
520
533
539
531
517
526
540
536
520
525
540
533
519
521
540
539
529
521
546
540
535
527
549
547
522
506
521
525
505
497
502
512
511
495
504
519
514
507
508
529
529
516
505
520
518
513
504
519
528
519
508
517
520
524
507
513
523
516
507
514
520
518
509
512
529
525
515
508
529
533
507
504
522
525
511
498
513
518
515
500
503
513
507
528
522
506
516
7
520
521
510
522
520
513
504
517
532
520
499
504
509
503
500
505
522
519
510
503
518
528
522
506
516
511
509
499
518
532
516
489
506
513
515
511
508
519
515
502
504
521
518
507
502
520
526
506
498
512
518
509
503
528
519
504
494
509
518
512
497
508
519
515
500
505
513
508
502
502
516
512
503
501
514
515
513
501
517
520
511
504
520
517
519
508
519
530
526
505
511
526
525
513
510
524
518
511
510
528
531
520
515
526
529
517
507
523
529
522
509
518
528
522
502
518
535
520
501
506
526
526
517
509
525
526
515
504
512
520
514
509
527
531
514
504
515
522
518
502
513
525
515
500
507
523
520
507
508
520
525
513
507
523
527
524
512
523
524
519
498
507
520
517
507
510
519
517
506
511
522
523
499
499
517
515
505
500
517
520
511
504
528
523
510
500
518
526
519
502
511
520
521
518
516
505
495
492
492
510
515
503
506
512
514
504
503
524
527
520
512
525
531
516
504
517
522
517
508
522
533
516
508
513
528
523
516
506
527
526
509
505
528
525
509
505
526
529
522
504
513
522
519
506
517
522
515
507
504
514
520
503
497
513
511
498
496
515
516
509
500
515
515
505
492
511
521
508
493
501
512
505
496
514
516
511
493
499
519
510
501
497
513
514
509
503
513
510
507
488
509
513
509
505
518
524
513
502
514
525
518
504
505
523
527
503
499
520
521
507
500
524
525
513
502
518
522
508
502
515
523
516
503
511
525
518
503
512
525
526
517
527
549
527
498
497
517
512
502
493
507
517
518
495
509
511
503
501
505
513
509
496
502
514
512
502
505
519
521
510
503
521
527
509
507
526
524
516
503
517
523
514
504
512
528
525
507
511
526
523
510
514
524
522
517
511
529
526
516
505
520
528
507
504
523
525
511
492
504
513
507
496
507
520
510
499
505
515
515
496
499
522
522
506
499
517
518
505
498
513
518
508
499
510
521
516
507
513
526
519
503
509
523
513
502
501
523
519
509
508
518
518
510
499
513
524
518
502
519
529
523
498
509
524
522
508
515
532
527
510
507
524
523
506
507
525
528
512
503
522
526
514
507
526
530
518
514
516
522
516
496
503
517
513
502
502
520
518
503
506
524
524
512
506
522
522
513
506
516
522
516
509
523
524
515
499
508
519
515
501
507
526
519
505
506
525
516
504
499
519
522
516
502
520
523
509
499
513
517
513
500
512
522
515
499
510
524
513
502
505
526
519
510
503
517
513
503
498
516
521
507
502
510
514
509
495
509
517
508
498
501
517
516
502
507
518
515
504
507
521
520
509
504
525
525
521
504
515
518
510
502
517
518
515
504
511
520
513
497
507
520
513
500
500
516
513
506
502
518
525
511
500
520
526
506
496
519
523
512
497
507
517
510
495
502
516
509
502
504
526
528
517
500
513
536
512
516
527
525
514
495
515
525
520
506
513
525
520
513
514
529
516
507
510
522
518
514
513
525
530
511
505
525
525
511
507
516
519
507
497
511
524
521
508
519
526
520
500
506
517
516
506
502
525
518
506
503
520
523
507
498
507
516
501
492
512
514
507
493
510
511
518
502
508
517
517
504
502
521
529
510
508
520
521
512
502
519
522
503
489
503
514
506
500
514
516
521
503
509
522
521
504
507
522
519
504
501
512
520
510
499
517
519
505
486
507
510
503
496
514
521
509
495
505
518
515
500
510
515
509
498
501
516
526
505
502
516
525
510
503
510
526
511
502
517
540
520
506
516
518
511
500
507
513
523
505
505
525
522
506
506
519
519
507
500
522
529
521
510
530
526
518
500
509
520
515
502
508
511
508
500
503
518
519
511
508
516
510
502
494
509
516
512
498
517
522
512
502
514
524
515
505
510
522
517
503
510
520
523
502
500
516
519
509
497
513
517
508
500
512
520
509
494
504
514
136
5
534
532
525
533
558
521
521
540
545
541
543
522
537
523
521
516
526
541
538
515
530
534
538
527
536
550
529
506
516
540
532
518
527
535
540
509
522
549
541
516
507
526
522
530
507
508
524
528
504
518
538
519
508
509
517
524
501
529
520
526
517
513
524
515
518
507
515
514
508
508
512
523
506
502
511
517
503
497
504
512
514
509
509
517
515
504
505
519
510
506
507
525
525
521
521
532
516
504
488
509
516
500
500
503
507
499
490
500
513
513
499
496
515
511
508
501
512
517
504
501
521
523
526
506
518
523
518
507
516
530
525
508
517
528
526
510
511
521
520
510
511
528
526
514
507
520
516
511
510
517
527
523
507
518
527
522
508
517
518
515
502
504
518
515
507
507
523
526
510
503
524
518
509
498
510
519
508
496
518
518
512
498
509
518
511
501
509
525
510
498
503
516
516
502
501
517
518
511
508
516
515
505
498
517
521
510
501
512
520
511
501
505
515
514
498
498
515
507
494
496
509
517
505
496
511
516
503
496
513
520
509
494
509
518
515
498
508
519
516
502
501
515
512
508
511
518
517
513
496
513
514
504
502
515
518
508
494
508
517
512
506
504
515
513
504
509
521
521
507
506
515
511
501
498
522
515
509
497
511
518
513
501
515
522
519
503
515
527
517
508
514
523
516
505
507
516
512
503
500
514
520
506
503
515
518
511
497
507
511
507
498
509
515
508
494
498
513
513
501
508
523
517
504
506
521
517
514
507
523
523
512
501
516
513
506
498
516
526
518
505
519
525
517
506
513
524
520
506
507
520
518
502
504
520
518
507
500
518
520
514
505
518
518
514
506
511
525
523
499
507
519
517
499
498
511
515
504
505
520
521
512
499
527
519
507
501
512
523
510
500
514
522
513
497
502
515
517
501
499
510
509
495
494
508
502
494
491
499
491
469
458
462
457
438
421
431
427
421
403
404
414
415
399
410
426
424
416
416
448
449
450
459
477
490
489
489
515
520
520
514
530
541
534
524
536
545
543
532
541
554
554
539
542
552
550
538
537
560
545
539
526
550
554
547
530
547
550
550
532
542
549
540
531
539
555
545
536
540
554
551
538
534
545
549
531
526
538
541
534
521
530
535
529
519
529
538
533
524
528
540
535
518
523
535
521
510
512
532
532
516
511
527
530
521
511
525
525
518
502
519
522
516
496
513
516
505
497
504
517
510
499
499
517
517
508
504
521
516
507
504
520
518
508
499
514
521
513
503
520
528
516
509
515
525
526
511
508
517
524
505
500
518
522
507
502
523
523
506
494
515
527
516
509
523
529
524
511
520
528
516
510
512
523
518
504
502
527
528
507
503
524
526
517
502
523
525
510
504
520
528
516
500
513
519
509
499
494
508
496
490
487
491
477
453
440
446
435
420
414
418
412
401
384
400
396
398
389
394
408
409
408
424
445
444
434
442
464
466
471
471
500
497
498
502
521
530
528
523
538
550
541
539
556
566
563
554
563
588
574
565
570
579
572
562
555
568
566
552
547
566
562
559
542
552
556
550
537
551
565
552
538
549
561
558
544
539
553
544
531
533
545
539
533
538
550
546
534
531
543
547
531
520
531
542
529
519
532
540
528
513
521
534
532
512
515
533
523
519
515
532
529
519
513
532
536
515
506
520
532
535
509
513
516
510
494
504
509
511
492
500
513
512
504
506
522
520
509
513
522
521
513
504
515
525
519
515
524
525
516
499
509
522
527
509
508
524
522
512
518
534
526
516
506
522
521
512
506
516
521
515
508
516
523
