496
508
512
514
506
507
510
515
516
523
533
527
511
501
504
500
499
495
495
510
507
498
504
498
499
501
506
508
503
497
507
512
505
494
490
499
499
497
494
507
505
495
493
500
507
500
492
502
504
500
497
498
502
505
499
500
500
501
502
505
506
506
500
501
507
501
495
492
499
504
501
501
507
505
498
496
496
502
501
498
498
506
506
496
495
504
502
496
498
505
511
497
502
503
502
503
502
501
504
499
497
508
511
510
502
502
513
504
500
502
507
504
503
500
503
510
508
505
507
507
505
508
517
519
514
507
515
510
513
505
512
516
514
511
510
506
506
511
513
523
520
517
521
525
519
515
510
511
508
516
509
513
515
511
506
510
513
509
504
506
509
511
501
504
518
509
508
506
514
510
504
505
513
506
498
506
520
526
521
516
518
516
505
498
500
511
508
496
509
514
514
507
508
519
515
508
504
513
510
510
506
514
511
513
506
510
513
510
507
511
520
519
510
510
514
508
511
508
511
509
507
509
514
514
510
507
509
508
508
505
512
518
510
504
501
510
515
505
510
520
517
506
501
505
509
506
503
503
505
500
502
509
509
496
493
497
504
501
505
508
507
507
500
503
507
509
500
502
509
509
505
502
502
504
503
495
503
506
502
506
515
516
511
506
504
512
508
503
502
506
508
505
506
510
511
510
506
500
501
503
500
501
505
495
509
517
517
514
512
510
513
512
508
509
503
510
508
501
505
512
514
513
507
501
512
507
516
514
508
501
512
507
510
503
508
505
515
506
515
523
528
521
523
517
506
503
508
512
507
509
506
502
502
501
497
500
501
497
496
502
507
506
493
505
510
506
506
506
509
509
502
510
515
515
505
506
513
510
513
510
511
508
509
508
512
514
510
504
505
510
509
506
510
505
507
503
506
509
503
502
502
508
500
503
506
509
501
508
503
502
504
501
498
497
498
497
495
492
497
498
494
494
496
503
501
501
500
500
493
493
490
501
497
498
502
500
500
499
501
502
505
501
499
505
507
502
499
502
501
501
502
510
503
502
499
498
501
500
496
505
508
500
508
515
516
514
505
508
513
513
506
509
518
510
501
503
509
508
507
501
501
514
513
503
508
512
507
502
507
507
503
497
506
504
490
501
513
521
518
526
522
520
512
508
505
500
500
498
499
500
502
501
500
504
510
509
505
498
503
500
496
501
510
512
507
506
505
506
497
496
507
512
510
504
507
514
505
497
506
506
506
504
507
505
509
506
516
518
506
511
509
509
507
512
501
504
500
504
510
504
506
501
497
509
507
502
497
507
511
511
503
508
507
509
508
507
497
492
500
500
509
508
509
504
503
501
493
495
495
492
498
504
507
508
507
503
504
508
507
509
507
510
504
504
501
506
503
502
507
508
511
513
510
511
505
505
510
514
510
504
510
507
506
514
515
511
512
506
510
519
520
510
513
516
512
505
505
505
506
514
507
502
508
509
509
506
508
507
503
504
505
504
501
497
498
505
510
511
512
527
525
520
516
513
504
501
501
510
508
503
511
511
505
506
511
507
509
512
505
509
506
505
513
508
509
505
509
511
515
512
510
514
515
509
507
508
508
506
512
506
508
508
509
509
506
506
501
502
496
496
502
504
508
506
507
502
507
508
506
516
506
505
507
509
512
509
508
508
509
510
509
504
506
506
501
498
491
498
499
503
506
504
502
506
508
509
506
500
499
498
509
512
506
504
501
510
511
505
504
499
500
503
500
502
502
503
503
505
497
505
505
510
508
505
506
509
506
509
505
501
503
506
505
507
504
499
501
504
511
509
501
508
513
507
507
503
506
502
513
510
509
506
505
510
514
512
511
500
503
502
505
506
507
499
503
502
502
508
512
522
521
527
526
527
519
513
509
506
501
499
502
506
503
506
501
500
502
509
509
508
505
500
504
505
508
508
508
502
498
499
500
500
498
502
501
501
498
502
502
494
497
493
497
500
500
498
499
502
508
504
501
496
497
502
499
495
498
504
502
501
500
497
501
504
503
498
500
500
502
505
501
498
500
500
502
501
503
507
505
504
504
501
500
497
500
499
500
498
508
504
503
502
500
505
501
500
501
504
511
506
503
508
507
505
510
510
512
511
501
505
500
500
498
496
503
504
502
505
507
496
505
506
509
504
501
499
507
505
501
501
508
514
512
505
506
506
505
504
509
510
507
504
501
505
510
507
510
509
504
501
506
509
507
507
506
509
508
504
513
522
523
519
513
512
508
499
496
505
504
503
498
503
501
499
498
503
502
504
505
507
510
511
507
503
500
503
503
499
501
503
506
503
507
515
507
502
502
503
506
504
504
498
499
499
502
505
512
508
501
510
505
506
508
511
512
509
509
513
514
513
509
509
510
512
513
514
514
509
511
512
515
519
520
519
522
516
509
511
513
510
510
510
506
520
514
511
516
515
510
508
511
510
510
507
507
506
502
503
504
516
516
510
508
508
502
504
506
511
513
512
509
512
505
508
501
506
505
501
500
503
504
500
502
504
510
508
506
506
508
509
509
510
511
510
508
507
512
513
511
505
507
505
507
505
507
502
503
505
506
506
507
509
503
504
504
501
498
508
507
508
503
507
515
517
523
522
523
517
509
504
498
495
493
498
498
502
502
501
499
492
498
502
501
504
503
502
502
506
502
503
504
498
501
501
504
504
503
506
509
507
503
497
499
498
497
503
500
504
500
503
502
502
506
502
506
504
506
505
508
502
500
507
508
506
504
503
506
505
508
509
508
507
510
506
506
503
502
507
503
504
497
500
505
507
507
508
505
511
509
502
497
500
502
507
509
507
502
503
501
502
504
507
504
507
508
511
511
510
509
509
512
511
506
506
506
509
511
507
501
502
505
503
509
508
503
504
499
502
505
502
499
500
498
499
501
504
505
504
500
507
509
508
510
511
504
507
507
504
503
497
506
511
513
510
510
513
505
503
511
514
508
510
510
507
507
500
494
507
551
617
672
694
694
684
667
649
633
617
600
585
570
545
521
509
490
479
475
467
467
466
460
461
460
458
458
461
454
455
445
454
452
446
441
449
452
457
454
453
452
452
450
451
453
453
454
457
457
459
454
458
466
468
469
462
464
461
460
459
461
464
465
473
473
474
473
467
470
473
470
476
471
468
470
474
472
474
473
472
476
474
477
480
473
473
476
476
466
467
470
466
469
475
476
474
472
471
468
472
474
469
470
476
474
478
483
484
479
472
476
482
482
472
482
484
488
487
486
486
484
485
485
491
486
491
486
483
490
488
491
492
492
493
494
496
495
491
484
487
489
490
485
490
499
497
493
501
501
503
502
496
501
500
497
496
504
502
502
499
499
498
494
495
501
498
496
493
495
497
494
493
492
492
491
486
500
502
499
493
494
495
499
501
509
516
514
506
493
496
498
495
481
501
499
500
497
502
504
502
495
498
500
497
493
500
508
508
502
505
503
503
499
505
504
502
494
496
505
512
516
502
508
512
493
498
499
501
507
504
497
496
506
508
506
507
508
499
511
515
521
512
513
514
511
508
509
508
509
506
497
500
508
512
510
513
511
502
509
510
505
506
507
504
504
505
500
494
488
489
504
503
499
502
501
500
502
500
499
502
498
500
506
515
514
515
514
509
503
499
494
491
497
509
512
510
501
503
503
504
500
500
506
500
509
508
509
507
504
497
499
498
499
496
505
509
507
504
500
510
507
491
498
497
495
487
489
482
482
476
477
479
477
474
480
488
485
488
494
494
491
487
488
497
498
495
492
489
491
493
495
501
501
495
502
504
507
514
516
519
522
520
513
504
501
499
491
491
498
498
494
495
499
500
495
494
501
500
499
496
498
501
491
495
510
505
498
498
498
502
503
504
504
506
515
507
504
508
507
510
504
507
512
515
511
511
517
517
514
514
515
515
514
512
520
522
515
513
518
523
520
521
525
520
515
509
515
517
513
509
514
509
515
516
517
512
508
505
506
508
507
508
502
509
505
507
508
506
512
509
502
502
503
503
500
503
504
501
496
497
500
504
500
504
502
498
496
500
500
505
501
495
497
497
503
505
509
508
502
501
501
504
505
503
501
505
504
500
499
505
504
506
508
502
505
504
501
501
500
496
498
502
504
493
494
505
509
506
501
505
504
502
502
505
507
510
509
506
506
508
509
505
504
505
507
503
505
510
506
501
499
501
497
497
495
498
495
500
506
511
514
514
508
511
505
496
490
496
498
491
483
486
490
493
489
492
497
498
494
494
498
502
497
503
505
498
495
497
502
505
499
495
502
505
507
501
503
503
498
500
498
503
505
500
505
507
504
507
508
508
508
508
502
505
507
508
507
508
507
500
503
506
508
503
505
503
501
500
502
500
498
496
499
500
504
502
497
502
505
512
507
503
501
502
498
498
499
502
496
500
506
508
503
501
501
505
504
503
505
507
504
498
503
503
501
497
491
498
501
495
496
498
497
500
501
501
499
499
488
491
503
505
504
495
496
504
507
508
508
507
500
503
505
504
498
501
503
501
504
499
509
511
508
504
509
510
507
503
510
509
512
514
507
511
508
504
503
506
505
499
504
509
509
508
508
506
511
510
512
510
519
522
520
524
530
529
522
516
510
501
500
496
505
502
498
498
503
504
497
497
499
504
509
509
507
502
503
501
508
504
505
494
499
503
505
506
504
508
510
507
507
507
505
513
509
513
519
509
509
508
512
515
512
510
509
499
499
506
513
520
512
513
509
510
512
505
509
510
514
514
510
513
511
502
506
504
506
502
507
511
512
506
507
502
507
505
500
505
497
500
502
495
501
502
502
505
503
504
504
508
509
504
505
506
511
502
515
514
512
513
503
503
504
507
512
510
506
506
502
504
507
503
509
519
505
506
496
484
479
481
476
475
469
464
469
464
470
461
468
471
466
474
479
479
479
487
494
495
491
492
495
493
481
489
500
501
496
502
499
497
501
495
501
501
501
500
499
505
505
501
507
508
503
500
505
506
500
506
516
510
520
517
514
515
518
516
503
494
503
502
503
506
505
500
498
505
500
508
507
511
512
508
507
507
514
516
516
520
519
517
516
510
515
523
515
517
523
518
509
511
514
525
519
510
510
517
514
508
511
513
503
505
512
512
512
509
508
513
510
508
509
500
497
503
503
503
489
490
489
488
494
496
493
501
507
499
497
498
498
503
493
499
499
501
494
501
505
506
500
498
501
501
497
501
509
509
508
509
512
507
502
495
500
503
504
500
498
507
506
498
498
499
502
501
496
499
496
499
499
496
505
500
500
496
498
495
502
502
492
490
489
492
495
491
493
502
505
502
503
503
504
505
502
502
505
507
509
502
501
505
497
491
500
500
502
501
504
505
506
500
499
510
507
496
498
507
503
502
503
505
508
507
510
516
515
522
521
518
516
506
501
501
502
498
497
504
506
507
505
501
504
502
500
501
499
500
499
502
502
504
502
502
509
505
506
495
502
503
496
501
503
502
498
495
499
504
505
503
507
508
502
512
515
507
505
496
504
504
510
511
505
513
508
507
505
506
506
505
504
503
504
506
503
504
505
503
498
499
508
507
495
495
500
503
503
504
504
500
499
491
502
504
498
499
501
505
506
500
502
504
504
505
501
509
508
503
505
502
501
504
503
506
506
505
502
503
509
507
501
504
511
508
502
497
504
497
493
499
502
505
501
504
501
502
500
500
500
503
501
498
507
504
501
497
504
503
491
490
493
499
503
499
497
493
492
489
492
496
498
496
496
496
496
491
488
495
501
500
499
506
510
512
516
515
510
508
495
497
500
505
498
493
502
505
503
501
504
508
511
508
507
509
507
510
509
511
515
510
503
505
1
513
514
509
504
507
510
509
506
511
514
508
503
508
511
508
507
509
507
510
509
511
515
510
503
505
505
498
499
497
496
502
500
500
503
507
499
494
500
508
501
497
497
507
501
500
502
513
509
510
501
509
510
500
499
507
508
501
497
507
517
519
520
530
520
505
494
500
505
497
493
497
500
498
494
500
515
510
494
499
506
508
506
505
506
508
499
506
508
508
500
490
505
515
509
508
513
510
506
501
500
505
503
499
493
506
511
500
508
511
510
510
506
507
509
512
508
513
516
515
509
512
524
520
507
511
516
513
509
512
518
516
506
509
512
517
503
498
504
506
497
498
507
517
509
503
501
502
502
496
501
505
501
494
499
510
505
502
499
510
510
506
500
507
501
501
501
501
499
502
497
503
508
501
502
501
507
507
498
500
503
503
509
507
507
514
511
506
516
516
507
501
500
503
504
498
499
504
503
502
501
507
498
499
509
512
512
502
504
508
510
496
497
497
494
494
507
518
516
517
520
516
521
509
506
507
513
506
500
503
506
503
500
501
508
506
499
505
512
507
512
507
509
509
505
497
512
509
508
502
508
510
501
500
502
512
502
496
489
503
497
496
501
509
507
503
499
506
501
503
505
505
510
506
502
514
517
507
513
506
510
507
503
503
511
510
504
501
505
500
501
495
493
497
494
493
504
508
497
488
491
500
501
499
506
507
508
503
508
510
507
496
496
507
507
502
510
513
511
502
500
504
509
507
505
510
507
505
503
507
504
499
499
503
511
513
512
510
514
509
498
504
510
516
508
505
516
519
516
508
512
512
514
507
504
503
496
493
508
502
501
499
501
506
501
491
495
499
497
493
498
505
511
501
503
505
519
519
517
503
502
498
498
493
494
489
496
503
504
496
496
496
504
510
497
497
503
506
498
501
506
512
506
501
501
507
498
499
510
516
502
500
499
501
507
501
501
505
511
510
508
506
509
508
505
511
500
499
501
506
512
508
502
503
516
511
510
505
509
509
502
506
515
508
499
513
507
511
513
508
505
505
494
502
507
510
503
502
508
511
508
504
501
508
508
496
502
508
507
504
499
508
507
505
504
508
509
497
502
514
514
507
501
509
508
501
501
508
507
502
502
502
503
498
499
500
504
506
503
505
509
511
517
511
513
517
512
506
505
508
507
497
499
504
502
508
512
519
512
510
506
506
501
502
504
513
511
503
502
504
506
513
519
521
528
527
520
512
513
505
496
493
503
506
502
499
501
500
501
494
501
505
496
504
509
509
505
504
506
509
503
504
503
511
508
504
507
506
504
503
508
515
513
506
510
517
519
513
507
507
507
507
503
515
517
513
513
512
514
507
498
501
506
507
504
505
513
509
516
507
512
506
502
499
506
505
502
500
505
500
499
492
502
506
511
503
504
505
509
505
506
513
508
503
490
498
500
491
499
505
504
503
499
503
500
498
501
503
501
493
496
502
510
510
504
504
505
493
504
499
510
507
507
507
509
502
507
505
507
511
504
501
509
511
504
500
500
500
507
504
505
505
507
498
510
512
508
504
504
510
511
508
500
505
504
504
504
508
517
520
519
529
527
515
509
505
506
500
490
494
494
503
496
493
496
491
494
493
501
499
499
501
504
505
499
501
506
509
509
502
508
507
503
497
500
512
508
506
502
506
512
509
511
516
514
507
503
507
508
501
499
505
511
513
508
507
509
505
501
501
506
509
511
510
518
513
505
501
501
505
503
506
513
509
502
503
507
513
512
508
511
512
506
504
506
504
507
505
505
513
515
510
506
514
512
506
506
511
514
505
502
506
505
499
499
506
509
505
504
502
509
507
507
509
512
506
504
503
510
512
510
505
507
516
518
512
518
515
509
504
508
508
513
510
514
513
513
507
506
514
513
506
503
505
505
504
509
517
4
4
494
506
513
492
500
512
521
510
499
502
503
512
503
507
527
516
503
492
505
510
501
495
509
509
504
497
497
484
496
497
514
515
489
479
485
488
500
493
492
509
496
485
477
500
487
491
492
504
486
483
489
503
513
495
491
503
503
502
492
498
511
505
490
502
518
507
488
505
509
520
510
510
518
510
505
495
493
505
499
503
518
511
502
486
508
515
496
494
507
520
510
487
503
516
515
492
504
514
517
511
505
514
500
487
494
504
519
500
496
505
509
507
521
515
496
495
487
505
508
500
505
499
509
508
504
497
523
508
491
497
490
521
516
486
510
514
510
500
503
504
501
502
511
513
510
507
504
495
501
504
503
519
520
500
503
506
501
487
503
516
509
505
486
492
498
501
482
503
508
503
490
489
498
490
506
507
512
506
481
490
494
503
486
487
504
507
487
482
495
490
486
492
496
503
484
490
497
483
494
496
500
493
489
481
477
502
505
487
492
485
489
472
480
492
499
487
507
499
491
472
476
491
496
476
481
492
502
480
484
469
477
473
465
455
472
470
448
456
482
484
457
463
477
469
472
474
459
480
490
471
479
516
516
507
506
515
486
487
487
496
515
503
500
508
500
471
488
518
519
485
477
497
510
502
493
492
510
495
486
489
511
509
499
480
490
501
486
494
485
470
481
492
500
503
508
505
497
502
491
488
487
477
492
500
498
481
496
507
501
509
514
489
476
491
495
499
493
504
518
504
483
482
493
489
494
508
515
503
496
487
510
500
492
492
511
511
504
507
510
499
485
485
504
505
500
508
504
507
501
513
522
509
515
500
509
491
500
492
503
501
525
499
504
501
507
505
511
507
507
505
502
511
505
502
517
524
538
521
491
503
528
529
522
502
540
538
530
523
510
522
541
518
533
539
538
512
538
549
528
533
554
549
538
550
552
531
525
530
524
518
522
520
518
513
528
513
509
511
509
510
498
509
503
498
491
522
520
478
485
499
504
490
488
490
496
501
467
496
502
475
481
486
500
489
494
483
484
484
501
501
495
478
507
500
498
506
497
469
527
523
511
489
503
515
517
490
510
522
540
493
489
511
530
509
513
510
527
512
501
505
514
511
496
488
515
510
505
494
491
498
495
508
502
514
499
495
503
523
516
508
511
489
503
502
512
528
497
491
526
516
504
494
524
514
507
484
518
518
507
500
490
513
516
484
500
508
501
450
508
499
502
489
482
489
500
490
493
484
477
494
472
472
504
496
479
477
515
521
501
488
483
479
455
483
501
488
472
465
489
495
492
479
478
485
496
503
492
487
494
479
484
504
506
487
488
496
506
500
494
495
468
500
490
481
493
486
483
496
501
470
482
496
518
514
503
484
506
497
487
501
509
500
498
508
535
517
501
511
517
522
509
511
503
509
505
509
517
531
521
498
492
521
531
530
497
523
541
525
508
508
532
534
527
528
551
525
512
491
519
507
511
520
511
521
524
506
516
509
500
495
514
513
524
505
520
528
518
512
529
542
524
506
504
522
519
505
525
520
519
516
518
506
501
504
501
513
519
503
496
533
528
514
499
512
511
493
511
534
527
525
498
506
530
517
503
498
500
510
505
509
529
512
505
507
508
513
498
507
519
516
515
499
502
516
511
505
484
515
503
496
521
525
497
483
502
512
526
519
519
514
511
489
476
517
507
504
509
516
509
494
494
516
522
516
500
507
505
502
490
507
510
530
502
510
518
505
508
514
518
525
512
511
528
506
503
497
510
534
529
515
501
521
505
504
501
524
528
507
513
517
514
492
503
523
519
520
490
511
526
504
504
519
518
495
520
521
524
510
513
503
516
499
515
523
509
513
500
507
515
528
517
512
519
517
503
522
522
541
534
530
530
550
530
525
546
551
559
544
537
536
519
499
522
535
544
521
517
533
534
515
495
525
529
525
511
521
511
505
525
491
498
480
480
482
498
490
482
498
512
495
491
489
494
477
492
486
495
513
497
494
499
507
489
500
523
524
481
475
493
500
496
480
464
493
478
477
497
494
490
473
504
515
502
474
489
499
509
498
492
504
500
486
504
510
506
509
496
490
508
499
503
500
509
484
488
504
517
493
489
493
501
500
474
483
488
514
504
487
451
499
483
506
504
498
494
488
487
489
487
486
477
492
493
479
471
498
507
490
490
487
501
505
487
506
494
479
500
508
521
511
500
503
512
491
483
491
493
486
486
489
470
483
486
480
506
497
491
472
497
507
486
465
474
480
494
485
486
473
477
477
478
488
462
462
462
468
474
467
471
484
478
473
453
450
464
426
439
458
463
435
436
462
456
431
424
449
460
444
424
462
474
452
448
444
453
466
432
445
464
456
453
457
471
482
453
451
464
483
466
468
491
498
487
486
477
486
486
485
482
504
501
502
487
505
500
463
474
483
499
502
492
489
486
467
478
486
500
487
486
482
511
506
491
491
498
495
465
490
506
502
491
499
497
479
479
497
514
507
485
491
510
504
497
469
465
491
478
482
494
508
518
493
509
512
497
476
463
471
477
476
485
504
493
475
470
473
486
479
459
487
505
488
501
506
509
503
496
489
488
503
500
498
522
522
500
481
496
509
509
488
491
503
491
485
491
518
510
505
508
516
508
502
512
512
520
509
508
511
512
502
493
513
520
498
487
510
509
498
501
512
513
519
481
473
494
500
491
486
493
493
483
463
498
496
486
479
480
496
496
482
465
503
495
495
503
512
508
503
490
515
509
495
493
503
503
490
481
500
494
484
502
514
503
497
514
514
497
494
487
483
493
506
495
491
493
474
473
500
505
509
494
489
505
501
485
486
496
496
486
515
520
517
492
515
532
506
473
485
488
497
471
468
494
479
493
488
512
503
499
481
502
519
522
500
469
502
519
514
495
494
517
501
496
506
513
502
498
513
501
503
504
513
517
509
487
497
520
517
508
499
499
507
503
496
514
509
496
484
490
508
508
502
508
516
509
511
516
516
515
491
495
506
491
492
516
514
515
501
485
500
498
491
479
506
504
486
494
491
487
475
465
469
490
482
490
503
517
516
498
497
509
520
504
520
534
531
517
514
510
526
532
520
510
522
523
515
511
536
518
510
515
529
530
518
526
537
534
522
523
521
507
513
520
524
522
515
502
508
534
526
519
532
536
522
510
521
528
514
508
500
504
495
485
491
504
516
508
489
491
511
504
498
508
501
507
505
500
522
509
492
502
521
519
490
489
489
499
500
483
485
493
482
494
494
496
490
483
493
500
497
494
503
504
501
494
492
511
491
484
496
486
486
500
501
509
516
511
503
502
499
501
493
500
507
515
503
505
498
487
481
493
506
518
506
497
500
511
497
502
507
507
512
508
511
499
483
462
502
508
496
493
514
519
487
480
498
508
503
502
503
499
492
489
478
518
516
483
505
515
517
514
501
505
506
509
507
506
509
496
501
507
523
517
500
515
523
509
505
510
521
530
518
516
498
495
489
496
512
497
493
504
498
472
496
500
505
514
506
505
510
520
514
506
511
509
495
506
505
512
514
516
508
520
509
496
508
512
504
503
511
512
507
485
486
504
516
500
485
501
510
507
501
481
506
503
493
494
519
509
506
497
495
496
490
497
499
510
509
492
502
501
494
482
479
496
504
500
492
505
511
511
500
513
498
508
497
498
504
492
499
503
489
499
504
512
512
501
499
500
504
507
495
492
512
504
498
481
510
518
494
499
500
501
502
476
488
499
497
485
480
505
506
503
500
513
483
485
502
502
485
490
500
521
514
501
498
525
536
518
512
505
503
494
492
503
495
495
490
511
499
481
482
494
511
525
506
506
505
520
502
505
524
526
524
520
533
513
523
516
535
533
525
521
546
533
548
533
531
543
531
496
491
492
498
507
502
509
499
507
505
509
502
509
512
510
500
503
493
0
481
484
482
493
483
498
502
496
491
492
498
507
502
509
499
507
505
509
502
509
512
510
500
503
493
0
481
484
482
493
483
498
502
496
491
492
498
507
502
509
499
507
505
509
502
509
512
510
500
503
493
500
508
515
524
530
528
498
501
501
512
512
510
498
510
513
518
511
512
519
507
501
511
512
518
501
502
520
531
536
524
509
512
505
522
534
521
519
523
528
536
550
552
548
542
532
533
542
544
545
545
535
535
526
519
522
539
545
549
538
537
537
535
531
529
529
535
542
526
527
522
519
518
521
525
527
530
525
523
524
518
522
526
522
520
520
526
523
515
523
516
524
509
500
503
512
516
512
511
518
510
518
515
509
520
497
512
511
516
516
517
523
525
519
504
499
518
509
513
516
505
504
520
518
517
506
501
517
524
529
523
514
513
505
505
499
506
511
498
509
515
511
523
505
501
496
507
514
503
515
513
518
511
499
506
518
532
530
518
514
499
506
501
495
501
519
510
509
510
508
513
510
506
504
511
507
507
509
513
532
520
519
522
521
514
508
530
539
525
520
512
510
512
519
521
516
524
524
522
525
518
509
507
512
516
506
515
529
516
504
504
494
502
500
496
507
504
494
499
503
504
506
509
508
512
506
505
502
495
493
507
493
504
503
498
502
507
516
522
499
513
501
513
524
517
513
511
503
509
516
509
490
495
488
492
491
490
495
498
500
493
515
531
526
512
524
507
536
540
538
521
538
541
525
509
520
543
554
540
536
527
537
528
524
522
532
545
533
540
526
528
534
520
527
523
522
531
531
518
516
510
526
523
528
541
523
514
520
535
533
510
498
503
509
513
515
506
509
503
507
492
507
505
515
495
502
509
517
513
504
507
499
523
522
516
515
503
500
505
508
511
507
508
497
491
511
517
519
500
506
511
504
494
498
514
512
507
509
503
510
517
510
504
511
516
528
527
517
514
508
498
497
521
524
516
505
500
511
508
510
503
504
511
514
508
504
497
494
502
514
509
504
497
488
508
504
489
489
506
516
506
493
502
496
505
498
495
507
515
502
497
496
503
507
507
506
508
493
512
520
507
517
514
515
510
515
511
524
519
499
500
510
516
495
498
496
507
512
499
494
506
513
507
501
509
506
499
514
513
504
496
491
498
507
508
520
516
517
515
499
494
475
488
485
488
492
498
496
493
486
493
497
502
500
493
475
478
503
501
492
498
486
513
498
502
506
490
495
495
504
519
514
516
509
497
508
502
490
491
500
493
505
504
514
505
494
492
478
493
510
499
509
496
486
486
494
499
498
485
482
499
493
504
500
493
472
459
469
470
481
479
494
495
495
489
491
498
496
488
498
499
501
494
491
509
498
497
506
509
511
505
508
507
498
495
488
507
513
512
516
515
506
499
504
518
518
502
493
499
508
500
497
506
509
508
501
500
506
505
501
499
500
511
516
516
511
509
509
518
518
517
510
511
504
518
530
532
528
523
514
519
501
518
521
521
517
508
505
513
524
522
514
509
511
515
522
523
531
520
529
538
544
530
544
542
531
533
528
536
538
529
542
537
534
525
517
526
523
526
530
523
511
510
502
520
517
510
519
513
518
523
515
510
499
507
495
514
514
515
515
511
505
495
510
512
516
509
512
509
515
521
508
499
504
508
505
503
495
498
505
509
510
511
516
514
520
512
510
518
519
509
519
514
497
497
506
508
509
503
507
501
495
500
489
469
474
474
470
475
480
478
487
476
471
472
477
479
479
474
484
478
476
477
484
480
485
494
491
489
485
456
485
486
505
494
487
486
490
494
503
497
499
505
507
509
503
515
523
530
529
526
525
532
539
544
533
535
540
542
540
545
534
540
541
544
542
546
529
528
536
533
530
526
529
527
521
509
513
523
532
515
507
520
507
499
503
508
512
508
505
507
510
509
513
516
512
508
510
518
524
9
500
497
494
509
502
505
507
520
507
499
503
508
512
508
505
507
510
509
513
516
512
508
510
518
524
512
513
515
505
499
508
513
510
511
506
509
512
513
505
512
494
505
505
504
506
513
508
515
516
506
495
495
503
512
498
507
517
514
510
510
506
516
503
494
503
506
503
499
500
502
499
501
504
504
509
507
518
513
509
498
495
504
504
500
510
510
507
505
508
511
504
511
507
511
511
507
506
511
513
507
507
509
508
501
506
507
517
512
508
508
514
519
502
514
518
513
510
510
507
508
502
502
501
510
506
501
511
515
507
508
512
510
506
501
497
509
510
498
500
495
499
500
492
499
500
498
496
500
502
493
498
498
499
501
505
501
505
504
501
503
507
497
497
497
504
499
496
508
509
507
509
507
511
507
510
500
496
505
501
503
495
500
511
503
503
508
504
509
510
514
514
505
500
507
503
501
500
504
512
509
507
505
508
507
503
506
505
509
496
501
510
510
511
511
514
513
516
533
529
528
515
507
505
502
496
497
497
507
506
505
512
513
508
499
507
508
502
503
504
510
510
502
504
509
507
510
508
509
507
509
507
513
513
513
513
515
513
513
505
517
519
516
509
509
510
510
502
506
507
503
509
511
508
507
509
504
504
507
493
503
506
507
500
485
500
506
501
503
500
507
510
501
505
506
502
497
509
510
512
507
508
508
515
515
513
516
514
514
507
516
513
514
507
515
516
507
517
510
507
501
502
505
510
511
506
510
512
507
509
515
518
518
514
513
511
518
514
498
505
510
506
502
500
503
508
510
511
508
509
505
504
499
499
503
503
507
515
514
507
504
509
511
510
515
514
512
504
504
509
510
506
504
504
506
520
523
523
520
506
507
505
510
504
502
501
503
495
502
505
509
504
503
505
507
506
503
495
500
509
507
505
505
508
505
505
504
506
496
499
507
516
514
503
498
498
506
509
506
509
508
499
502
504
510
509
517
522
516
505
512
509
511
503
510
501
512
505
504
505
503
498
499
501
511
504
501
501
500
507
504
502
504
501
499
485
501
506
508
508
512
498
502
492
496
500
500
498
504
515
513
503
506
508
505
501
506
502
504
504
503
505
501
507
509
517
522
508
500
510
516
508
513
501
507
511
508
507
508
505
506
504
506
513
510
503
509
505
510
506
504
508
509
509
513
505
518
516
519
521
525
505
503
506
518
508
519
511
504
501
507
514
516
511
513
520
527
526
513
514
515
506
500
498
504
507
507
507
507
503
500
504
510
507
504
505
510
513
506
505
508
513
510
511
514
516
503
496
498
502
506
504
508
512
512
508
512
511
513
509
512
515
515
503
507
515
509
513
505
507
503
504
511
509
501
501
500
502
504
503
502
500
512
506
507
501
508
505
503
503
502
507
513
511
512
507
504
485
500
512
517
513
502
511
503
504
515
508
510
499
499
496
502
504
507
504
502
499
502
507
488
508
518
512
514
515
512
509
512
512
512
509
507
506
506
503
508
509
507
505
521
517
513
511
510
501
515
509
512
510
504
501
508
508
510
505
511
508
504
505
500
504
504
496
503
508
497
508
512
509
508
505
502
510
516
523
514
519
516
501
496
492
498
496
494
500
501
508
506
501
503
500
500
505
497
503
512
505
511
519
508
509
515
509
501
502
504
503
514
505
507
510
507
504
504
505
504
507
493
501
515
510
503
501
502
515
510
514
508
505
497
509
517
514
507
501
509
507
509
509
512
508
498
506
499
502
505
513
511
507
500
519
510
515
512
507
509
513
502
504
514
519
511
506
508
517
510
501
496
503
502
501
500
500
504
503
498
502
512
510
509
505
498
505
506
505
503
505
508
511
513
510
509
508
510
501
502
513
512
509
502
496
512
509
511
510
507
510
513
502
508
509
501
4705
500
496
501
0
494
491
487
496
498
504
497
497
501
501
499
500
501
500
499
498
499
489
491
493
502
505
500
496
501
504
497
493
491
497
503
499
501
502
501
497
493
499
499
494
493
497
498
494
497
502
504
496
493
492
503
497
496
503
502
505
501
496
503
504
499
495
499
501
495
496
497
495
497
493
502
505
505
503
505
501
500
497
499
496
490
497
497
500
495
481
492
500
503
504
496
497
496
490
492
500
502
502
493
495
500
501
491
495
501
502
502
503
502
497
491
491
501
501
498
503
503
505
502
494
499
515
511
502
506
504
492
488
495
500
495
489
492
498
498
489
490
493
499
500
497
503
498
494
490
495
498
498
490
494
501
501
502
497
500
498
505
508
508
513
508
505
505
505
499
506
510
512
506
507
506
509
504
506
503
510
504
505
504
508
501
492
495
498
498
492
494
502
500
500
507
507
499
494
495
497
500
500
497
500
501
499
495
493
502
504
500
500
505
504
492
489
499
500
498
500
503
496
492
491
504
509
503
498
504
506
507
497
505
502
495
496
499
498
496
501
507
511
507
508
501
503
508
507
498
495
501
498
499
502
504
497
494
496
498
497
494
496
496
498
496
500
501
496
499
502
500
508
506
509
506
498
499
502
509
513
511
519
526
522
513
502
500
502
501
502
496
502
507
500
504
507
509
501
493
500
499
495
494
492
503
503
502
503
503
498
493
495
506
504
501
499
504
502
499
505
507
507
503
503
505
504
502
502
501
500
497
498
498
499
497
497
512
509
505
502
499
504
500
500
505
508
507
501
506
504
501
501
499
498
505
501
495
489
496
493
492
499
497
500
502
496
493
496
492
493
487
490
486
488
494
497
494
500
504
504
499
500
499
503
496
491
500
504
507
503
498
505
508
506
503
501
504
493
499
507
510
505
505
503
501
502
498
498
499
497
497
500
496
503
501
500
505
500
498
493
502
500
493
498
505
502
500
501
503
500
491
499
513
501
496
504
510
515
524
526
519
504
501
492
486
484
485
492
492
495
494
494
499
502
503
504
501
501
508
495
498
504
501
497
500
505
503
503
495
495
502
507
500
502
508
502
491
493
501
499
503
503
511
512
504
496
499
495
495
492
499
499
499
498
502
500
504
496
495
492
494
484
498
502
500
500
506
507
501
489
496
503
502
502
496
505
509
499
498
494
494
494
488
498
506
503
493
502
502
505
499
497
501
501
500
498
510
498
498
497
508
507
498
498
493
497
499
496
500
505
501
496
494
501
498
496
499
502
496
500
499
496
500
504
499
502
499
494
493
499
504
490
492
505
505
498
494
497
498
497
505
504
502
498
501
501
492
500
497
495
496
498
499
490
499
509
510
507
517
520
525
520
513
506
497
488
495
495
498
492
490
494
505
504
500
503
503
501
499
502
510
503
498
494
495
502
496
503
499
497
496
500
501
500
497
503
504
503
499
500
493
498
496
493
499
513
503
500
502
505
503
490
500
500
487
501
497
507
505
503
501
498
500
495
493
497
507
505
502
500
497
496
500
497
497
501
502
504
505
498
499
508
504
500
506
508
505
501
494
499
511
510
506
509
508
504
499
499
505
512
506
492
492
496
488
490
483
491
490
480
492
501
501
494
494
501
493
486
494
499
500
498
506
506
502
496
496
503
502
499
495
501
513
509
505
508
509
506
501
503
501
500
494
494
503
509
504
503
502
488
495
499
496
498
495
500
499
501
502
500
508
520
507
506
497
501
495
490
487
493
498
494
491
503
496
491
495
499
491
490
493
496
505
498
502
504
506
498
493
497
502
498
495
496
503
501
493
501
506
500
499
500
495
502
503
499
506
504
502
499
498
503
506
504
505
498
494
490
493
501
505
498
499
498
501
497
501
507
512
500
496
497
500
502
496
488
491
502
502
500
500
494
493
500
507
509
506
504
508
506
512
483
487
494
489
493
487
487
6
496
485
488
494
489
500
493
492
495
476
475
494
499
500
495
496
480
479
483
487
494
489
493
487
487
6
496
485
488
494
489
500
493
492
495
476
475
494
499
500
495
496
480
479
483
487
494
489
493
487
487
6
496
485
488
494
489
500
493
492
495
476
475
494
499
500
495
496
480
479
483
487
494
489
493
487
487
488
477
485
482
480
470
467
490
489
487
485
481
487
490
488
486
486
496
488
480
488
487
493
506
502
496
488
488
487
492
491
480
469
481
500
491
497
495
478
475
486
490
498
480
474
470
474
486
484
487
490
480
483
488
490
504
500
492
486
483
490
494
487
487
481
496
494
498
502
503
510
503
493
490
499
495
489
483
482
472
490
493
495
498
490
480
478
489
497
492
488
495
486
487
486
492
489
480
477
486
486
494
492
496
484
486
488
490
487
491
495
508
502
496
492
495
484
491
500
507
510
486
492
508
500
498
499
489
490
501
489
492
499
480
493
487
492
486
489
481
494
489
488
484
486
499
503
493
492
505
507
503
494
490
501
483
481
501
509
498
496
493
487
496
492
500
499
496
503
495
496
499
510
500
508
502
494
504
505
511
502
500
518
515
514
506
506
495
500
502
515
515
507
509
512
508
492
492
497
505
502
483
492
500
500
496
503
505
503
507
515
516
513
505
503
507
496
491
501
502
496
504
508
507
512
506
494
489
485
484
489
488
481
482
487
497
496
487
487
486
486
482
483
479
482
490
489
486
491
495
493
491
488
493
490
488
493
496
497
498
500
500
502
496
493
507
506
489
494
499
496
497
498
500
486
497
503
506
514
503
487
498
493
484
482
486
489
489
484
475
486
486
484
496
496
486
495
505
508
511
497
507
517
515
521
507
505
502
499
507
499
514
512
504
504
513
514
491
499
507
507
503
478
479
475
454
445
438
437
430
431
428
430
426
429
424
443
453
449
460
467
447
467
467
480
487
486
487
487
493
490
498
495
491
497
493
500
506
506
504
497
497
511
502
506
508
516
509
506
501
505
510
511
509
501
490
497
506
508
501
500
505
522
519
501
506
499
499
493
487
484
485
495
508
510
508
495
495
502
501
503
492
493
489
486
497
504
499
499
492
488
494
479
482
485
484
484
487
496
491
483
479
491
493
481
479
473
480
480
487
487
494
497
494
490
493
496
494
495
483
491
502
490
483
492
497
500
503
501
487
477
489
484
485
489
489
488
489
495
481
498
506
508
484
487
495
487
503
490
487
504
503
491
491
490
478
490
505
495
482
484
488
477
464
453
467
476
485
470
459
466
472
468
473
461
466
477
477
489
470
474
470
478
470
479
470
475
475
461
463
477
475
477
463
470
461
473
473
472
481
472
479
483
483
488
484
468
481
492
485
484
486
488
473
484
493
474
484
495
489
481
491
475
475
489
483
492
488
494
508
511
502
497
487
479
479
497
490
495
485
488
476
467
462
484
493
483
466
475
488
485
478
468
475
481
492
500
493
491
492
489
504
493
490
486
493
507
476
498
500
505
516
498
507
529
520
500
498
509
505
497
510
504
514
509
504
501
476
485
492
493
496
501
496
490
497
470
497
509
483
471
481
473
482
496
499
507
497
467
483
488
487
474
494
496
481
495
495
493
491
489
481
481
495
491
507
491
482
495
478
478
489
480
495
487
492
494
497
479
483
478
494
494
483
478
485
496
489
485
489
489
497
499
484
478
482
500
502
497
482
485
497
484
490
480
489
501
498
492
502
492
481
474
473
497
503
498
506
496
486
481
502
514
488
475
476
482
458
485
494
482
486
482
498
495
496
478
475
471
500
478
477
487
483
486
495
496
502
474
482
501
504
516
503
480
506
502
499
498
512
500
492
498
504
482
493
492
480
480
517
507
497
501
505
508
532
502
510
505
520
517
493
497
503
523
496
8
7
487
489
489
487
485
485
487
486
492
495
497
497
495
495
492
490
486
491
496
495
491
492
495
494
488
7
487
489
489
487
485
485
487
486
492
495
497
497
495
495
492
490
486
491
496
495
491
492
495
494
488
7
487
489
489
487
485
485
487
486
492
495
497
497
495
495
492
490
486
491
496
495
491
492
495
494
488
480
483
481
482
491
492
491
485
485
483
485
483
486
490
489
490
489
492
491
492
491
494
492
493
486
489
492
488
485
487
483
486
487
487
490
495
490
490
492
494
492
487
492
492
493
495
491
492
488
488
485
483
480
485
491
488
490
490
494
497
493
488
487
489
493
491
491
494
491
486
486
495
497
494
488
490
493
494
493
497
496
491
494
495
498
497
493
498
497
494
492
493
493
492
490
490
491
493
485
484
491
491
483
485
482
487
485
476
487
497
495
492
489
488
489
490
490
489
484
493
497
498
500
508
514
525
506
497
496
495
490
485
484
481
485
488
485
488
496
495
493
493
496
497
492
494
492
495
491
490
496
497
493
491
496
498
496
490
491
491
494
491
491
491
491
493
494
499
496
493
493
494
491
499
496
497
496
491
494
497
495
494
489
496
495
489
488
491
490
496
491
491
492
494
484
482
486
488
488
486
484
488
489
491
496
495
492
502
501
489
483
486
490
494
492
487
487
482
483
484
491
494
493
495
500
507
501
500
503
508
507
501
492
504
504
495
488
481
489
489
491
494
498
493
493
489
492
490
482
480
486
481
479
469
471
475
471
465
467
475
466
469
469
470
472
477
474
479
481
481
476
479
482
478
474
480
473
471
478
476
476
477
467
483
494
492
478
473
466
462
457
461
469
469
466
463
466
467
454
462
480
465
454
447
456
439
426
421
410
417
388
396
399
409
402
410
420
427
428
429
439
451
456
463
463
468
479
472
480
482
476
472
472
482
489
473
473
473
480
484
489
492
488
481
485
492
493
495
489
487
494
491
493
488
488
484
479
475
470
481
482
466
480
482
484
476
468
467
470
464
462
466
461
461
469
467
462
465
462
471
463
462
461
473
471
470
470
470
478
471
474
477
484
475
475
471
474
472
465
471
472
475
472
467
465
468
464
464
464
466
471
472
474
473
476
477
475
472
467
466
466
466
470
466
471
475
476
466
467
471
475
467
474
472
475
474
467
466
474
472
468
474
475
475
487
481
485
483
472
468
469
466
462
461
464
473
476
473
474
473
473
471
468
468
468
465
466
470
472
476
472
464
465
468
470
474
472
471
471
474
477
472
464
468
473
469
469
468
462
463
459
467
468
464
463
470
472
466
466
466
470
469
462
462
464
481
462
453
462
465
465
465
466
464
459
461
462
469
464
464
466
470
466
463
462
467
462
467
468
470
473
464
470
470
473
464
466
467
466
464
468
465
466
467
467
462
462
472
464
463
463
458
458
463
466
467
465
469
472
468
462
467
469
472
471
467
466
471
463
464
468
461
461
460
464
468
467
465
467
467
474
466
467
467
468
466
466
462
473
467
467
466
471
470
469
463
471
470
471
472
472
460
463
470
478
480
481
483
485
487
483
476
464
465
464
467
473
471
468
473
467
469
472
470
466
471
469
468
467
467
470
466
469
477
473
462
464
472
469
467
462
471
472
472
467
470
467
471
470
484
478
464
460
462
461
456
449
459
454
454
446
445
453
453
455
457
464
463
465
462
463
462
469
461
462
467
467
464
468
468
465
461
464
465
468
471
467
475
470
472
468
470
466
465
467
469
467
466
463
462
463
462
469
479
470
467
464
464
470
471
467
468
467
476
472
475
468
464
474
476
477
478
475
467
470
478
474
474
476
472
471
473
471
476
473
469
473
479
481
478
471
471
475
471
473
476
476
471
470
474
472
476
469
467
476
475
470
474
469
461
470
479
467
464
462
456
460
460
454
453
447
462
8483
472
474
504
500
494
487
488
488
6
477
473
478
475
475
466
466
480
469
466
474
488
496
494
500
490
483
472
474
504
500
494
487
488
488
6
477
473
478
475
475
466
466
480
469
466
474
488
496
494
500
490
483
472
474
504
500
494
487
488
488
6
477
473
478
475
475
466
466
480
469
466
474
488
496
494
500
490
483
472
474
504
500
494
487
488
488
464
452
464
465
447
442
453
454
450
425
437
438
429
434
413
413
403
391
398
416
397
385
349
353
353
319
351
345
330
311
298
291
276
270
268
236
264
274
264
256
242
268
254
279
283
285
282
298
302
299
287
317
329
346
345
330
341
342
338
352
362
384
383
380
377
365
388
384
383
400
400
393
409
404
417
407
402
403
390
407
433
412
405
428
401
415
423
395
417
439
430
414
390
377
410
410
393
400
397
379
385
421
421
412
392
395
402
410
423
425
420
413
393
387
365
417
442
422
419
432
443
429
410
406
410
430
428
457
436
416
367
437
452
432
411
400
436
420
405
406
415
395
398
414
379
419
411
407
402
415
405
399
383
393
390
379
409
412
399
386
415
416
411
379
404
404
411
401
407
367
400
402
377
377
379
390
372
363
382
387
386
433
406
356
381
402
394
400
386
369
361
387
386
370
371
358
405
394
386
387
376
393
396
407
374
396
397
427
417
405
422
432
398
415
422
448
428
436
425
434
407
420
424
448
456
405
421
424
458
416
432
428
415
419
425
437
445
446
442
425
455
462
461
459
449
440
461
470
431
455
462
470
476
459
439
426
475
459
442
443
432
438
461
446
452
477
474
439
421
446
459
445
456
436
457
468
431
448
455
448
449
454
445
442
410
439
420
448
442
421
423
416
406
413
420
403
409
426
437
424
432
407
408
431
436
399
438
434
452
450
454
448
460
458
406
437
453
412
448
503
467
452
430
459
450
468
437
467
469
449
453
451
463
518
452
451
449
474
483
460
426
438
458
462
441
482
425
436
467
463
435
452
431
394
439
437
445
449
455
437
419
450
440
439
445
472
474
473
470
494
440
468
472
454
413
428
443
468
454
453
447
434
419
461
448
422
408
419
442
437
430
419
455
443
445
421
412
429
453
459
458
410
427
446
434
420
457
453
412
431
377
447
457
458
437
438
411
468
431
465
478
452
467
480
474
441
476
455
447
514
503
490
483
483
503
473
484
466
443
495
453
413
470
463
449
446
429
432
443
433
438
396
426
407
416
405
406
429
420
427
382
423
401
402
402
426
452
407
428
448
407
416
445
442
427
442
473
486
440
461
449
441
445
485
466
479
479
451
457
462
465
442
436
452
454
400
443
459
431
443
450
422
443
445
395
445
469
467
448
469
429
424
443
426
427
439
444
452
469
464
418
416
461
467
430
424
454
434
461
481
435
443
530
505
478
444
457
493
480
503
499
491
485
480
494
509
502
463
508
526
472
491
534
512
510
491
484
491
507
506
536
544
507
502
485
498
488
487
516
508
498
495
474
447
485
481
485
488
477
487
465
473
468
473
482
490
503
498
492
481
479
495
486
457
478
497
485
471
458
476
477
438
462
497
496
470
481
482
477
455
516
525
529
530
547
521
538
543
572
586
575
587
587
579
582
584
578
574
586
592
577
573
579
576
570
587
587
588
591
598
594
586
580
577
573
575
567
570
574
584
589
593
604
601
592
598
606
600
591
598
598
593
595
595
598
600
592
589
591
601
598
593
604
603
601
589
584
589
594
584
585
591
596
585
569
572
577
578
576
571
555
551
535
530
532
512
498
492
489
487
476
490
485
483
495
515
507
508
512
514
524
539
529
530
538
562
571
564
568
566
552
557
560
563
565
561
573
574
571
572
571
574
576
568
564
561
563
567
573
568
568
576
562
564
570
567
558
565
566
565
563
567
563
557
554
561
568
558
554
563
574
565
545
546
7478
476
479
484
481
476
477
477
475
476
479
483
485
480
476
478
479
478
480
478
2
480
478
476
483
480
478
476
479
484
481
476
477
477
475
476
479
483
485
480
476
478
479
478
480
478
480
475
473
479
479
478
473
477
477
476
472
478
480
476
467
473
477
480
475
473
479
475
474
476
481
481
477
474
479
478
486
479
488
488
487
481
475
471
474
480
476
481
480
477
480
475
470
476
476
477
476
480
479
478
477
472
473
480
484
480
473
472
478
484
484
488
484
479
474
464
473
478
475
476
477
481
475
475
476
478
476
476
476
483
477
466
468
484
485
478
477
484
486
492
495
495
495
478
483
479
477
475
482
486
488
483
478
479
477
476
470
474
481
474
481
475
479
482
474
472
472
473
468
471
472
476
471
463
464
476
470
475
475
477
480
477
478
480
481
480
478
479
477
476
475
483
486
482
483
489
485
486
484
484
482
479
478
482
484
478
469
476
482
477
474
474
478
482
475
476
476
472
472
469
472
468
463
460
472
475
480
482
481
476
473
464
479
482
475
473
471
477
479
474
480
483
481
472
479
488
485
476
486
489
482
478
476
477
480
476
477
475
475
479
477
479
481
482
473
477
477
474
476
479
480
481
480
479
481
479
477
476
482
483
480
477
482
481
481
479
484
486
486
478
475
482
480
477
476
482
484
478
478
461
479
477
474
482
490
487
488
486
482
474
472
479
477
471
474
474
480
477
477
469
478
475
475
478
476
474
473
472
476
479
474
475
478
482
479
474
485
492
481
464
474
475
468
464
464
469
470
465
467
468
474
472
474
483
475
479
479
483
486
479
478
472
481
481
479
480
479
481
478
478
486
484
481
474
480
476
470
467
481
478
480
474
473
473
474
470
478
479
479
469
476
479
478
472
466
475
476
483
488
493
476
471
477
480
476
486
489
494
493
494
501
499
503
503
495
495
493
498
492
496
501
503
500
504
518
509
490
497
506
512
501
503
508
507
503
494
491
487
489
487
495
492
488
486
491
491
483
480
478
479
478
476
479
484
474
477
479
490
485
485
482
487
487
488
485
493
494
502
502
505
498
483
470
477
477
474
468
476
477
474
474
470
484
480
471
465
468
471
470
474
471
473
467
471
464
474
473
477
477
475
472
472
470
477
474
468
469
474
475
476
475
476
475
479
480
482
481
475
474
481
486
478
479
486
488
483
478
479
486
480
472
476
484
481
475
476
480
477
472
479
476
475
479
479
484
487
484
479
480
476
479
473
480
487
478
474
469
470
469
463
