530
350
465
732
646
381
485
746
658
406
462
650
639
380
423
672
689
429
377
617
732
523
393
505
712
556
404
549
743
612
344
475
738
645
357
447
717
672
406
411
640
629
441
433
625
703
514
402
573
690
546
365
516
725
574
372
481
687
616
371
462
659
667
408
456
696
654
404
357
597
700
502
394
586
700
475
391
528
717
597
339
465
629
586
362
478
733
677
408
450
716
608
356
387
601
664
395
324
508
659
457
310
478
673
531
291
413
653
494
280
404
662
574
296
333
636
597
291
321
550
599
390
321
530
621
420
302
501
658
491
306
454
687
558
359
460
674
548
348
411
634
573
371
387
642
662
395
363
594
683
458
343
515
615
500
332
525
709
568
315
412
680
596
335
428
650
608
372
417
658
641
378
384
545
653
437
377
554
703
518
351
503
712
529
337
437
714
610
349
445
693
600
311
402
675
630
409
423
648
692
460
382
571
688
508
342
532
733
518
348
478
707
558
303
459
721
607
366
425
634
616
380
425
665
677
396
379
604
690
476
356
525
701
547
343
483
664
543
370
500
748
649
381
450
689
632
370
411
663
647
386
361
596
665
474
397
590
703
523
374
526
682
579
367
487
715
590
298
379
578
572
332
386
624
578
341
375
597
647
410
318
519
638
404
243
433
634
469
291
427
666
512
321
423
628
560
297
362
629
611
281
299
604
674
428
384
584
702
474
274
479
656
542
343
467
700
581
331
415
676
605
339
412
684
604
343
371
605
653
446
366
576
654
459
375
556
680
506
287
475
720
581
288
382
698
581
320
438
699
650
379
407
612
616
354
372
615
691
465
373
549
644
464
331
501
710
568
349
431
700
626
312
449
682
616
362
427
631
645
401
394
622
687
418
315
564
698
507
366
524
697
545
331
509
741
629
366
378
669
631
385
437
681
665
401
371
618
642
406
373
625
729
475
321
541
722
552
346
444
684
594
336
433
707
610
360
442
716
652
353
381
673
655
413
398
638
691
465
379
566
686
527
388
492
673
545
284
380
629
517
218
266
551
503
263
347
576
559
340
335
519
560
394
298
478
579
430
283
444
647
432
231
446
678
549
277
398
674
597
330
371
568
593
388
402
608
638
412
349
577
695
508
343
511
686
500
329
443
676
597
332
440
700
567
348
438
637
593
360
418
662
683
416
355
587
677
430
352
520
684
501
300
411
711
598
299
364
717
637
373
461
694
592
321
422
657
578
356
375
615
690
468
358
564
695
526
332
484
707
575
340
463
615
571
418
481
703
624
349
399
624
612
390
398
608
625
451
386
572
722
541
383
521
698
565
341
428
710
610
340
451
706
627
306
420
707
665
386
406
650
676
453
341
560
683
494
387
548
696
540
327
461
675
562
367
481
716
628
317
436
726
687
410
404
645
648
347
334
570
660
421
318
488
605
452
296
461
672
524
264
420
662
526
295
391
637
569
293
342
552
549
353
337
587
640
418
328
479
638
441
307
461
649
513
339
464
709
563
331
381
720
649
367
343
643
677
378
385
619
649
440
363
505
666
479
347
544
712
552
328
474
704
507
354
447
674
600
330
397
685
614
347
374
625
676
388
356
586
703
483
368
543
692
510
313
463
668
555
344
456
712
614
365
431
682
624
360
369
650
668
439
416
569
669
475
355
533
677
489
362
493
691
612
358
463
731
622
344
407
658
646
399
439
690
671
435
439
629
696
445
368
592
712
510
298
542
732
580
357
460
715
600
391
485
705
633
372
400
633
623
421
452
676
699
458
356
621
708
485
413
561
738
548
340
439
663
510
330
420
637
549
308
365
604
538
284
325
578
611
285
304
579
662
427
320
503
643
473
278
436
676
526
270
402
663
559
296
415
672
582
288
334
656
659
432
389
576
635
447
343
571
707
525
356
505
724
586
345
457
672
577
314
408
704
641
332
371
656
651
353
380
611
682
438
366
547
665
472
331
492
669
530
329
421
698
535
307
430
701
593
306
322
590
589
326
320
523
513
279
212
382
437
265
91
290
439
274
93
271
520
359
110
277
577
500
235
349
630
540
306
379
646
660
392
368
583
670
462
376
569
698
592
423
557
764
626
398
512
724
644
397
440
748
648
382
436
741
700
500
468
692
733
451
393
620
752
553
411
561
717
553
346
487
720
644
352
484
685
663
358
437
721
728
417
398
658
699
402
356
602
736
518
394
557
706
549
293
450
686
617
359
450
715
653
392
466
736
655
376
400
632
676
427
334
640
734
481
322
539
671
515
343
507
737
580
378
474
711
572
328
429
669
642
395
425
653
669
411
379
620
689
474
380
541
644
513
355
482
729
572
304
457
723
594
333
380
665
602
367
417
665
642
364
360
587
635
452
394
585
704
494
329
521
696
550
330
438
640
581
349
453
698
611
328
435
702
656
336
344
600
642
412
341
568
679
472
343
516
679
505
300
430
675
556
352
442
674
601
340
402
660
634
374
391
643
648
402
351
567
670
431
320
530
692
542
351
490
701
586
357
399
685
605
347
404
690
645
345
392
654
614
359
387
610
652
406
325
569
696
490
329
489
717
568
316
465
717
578
290
397
643
600
334
410
662
617
376
386
613
683
445
357
552
637
458
351
529
699
548
313
437
676
592
305
435
681
610
336
421
681
597
355
383
622
636
424
391
602
702
487
336
499
683
521
335
466
690
558
328
449
718
632
345
392
671
618
340
401
581
684
447
389
617
710
470
357
532
676
500
327
444
717
583
357
481
704
630
356
418
673
615
344
410
675
574
377
351
619
660
435
375
554
706
491
288
475
705
577
342
454
692
555
254
401
672
610
349
419
590
603
337
407
616
678
424
369
555
674
498
350
522
723
567
334
457
698
560
315
426
684
598
344
438
728
662
356
390
622
659
423
390
616
685
518
365
539
731
539
391
461
724
617
399
511
738
605
337
435
700
649
385
385
650
639
408
386
644
678
463
337
554
719
557
366
496
735
589
313
422
694
605
312
430
701
657
383
453
696
648
383
356
569
645
371
332
537
662
463
340
505
687
496
275
433
659
542
293
349
588
455
188
234
472
410
197
198
450
504
314
203
397
611
407
339
508
677
578
431
533
692
596
400
525
757
661
442
503
714
687
501
514
723
748
544
517
703
748
573
505
633
788
630
414
566
796
681
472
528
767
670
483
472
711
670
445
458
676
612
431
432
635
684
497
368
568
646
508
425
564
715
567
387
519
644
590
397
481
665
633
400
454
627
605
386
386
554
609
400
309
505
617
446
320
398
547
478
306
409
575
516
346
411
546
495
340
399
586
504
283
205
547
593
376
324
466
516
325
265
372
528
398
289
454
630
560
391
504
708
642
443
435
696
681
451
445
701
723
539
497
629
744
540
496
655
779
643
464
568
750
625
497
560
746
695
476
542
749
681
473
488
653
637
422
455
628
689
504
450
557
666
574
508
604
755
633
446
563
720
631
443
501
720
690
491
505
669
626
425
403
624
653
463
389
532
608
443
434
524
649
549
389
462
636
568
399
444
642
568
359
431
621
574
230
370
600
616
443
401
584
680
476
357
537
632
497
309
401
592
545
352
446
608
570
353
400
651
557
388
430
591
592
435
419
543
664
456
376
491
558
431
272
395
555
423
207
267
545
443
204
361
611
569
345
374
597
581
338
385
607
662
460
408
602
695
527
413
522
701
580
428
526
711
603
424
492
660
673
485
535
731
691
471
477
591
649
544
469
642
690
525
413
525
698
560
406
501
686
581
376
449
644
558
377
428
600
570
386
431
572
557
386
328
493
556
363
300
418
526
425
274
410
583
493
338
403
557
508
356
375
592
569
366
376
589
488
400
376
542
621
457
402
550
600
444
355
502
682
586
405
533
611
516
392
459
637
556
397
447
639
643
464
476
644
632
449
411
595
658
546
461
560
711
576
394
521
715
642
440
504
704
691
420
490
636
620
435
456
644
652
496
397
568
673
567
473
568
660
520
416
552
690
564
367
478
684
613
398
471
676
564
354
403
624
642
453
435
585
621
460
395
511
636
483
363
516
656
498
396
458
620
549
355
384
593
549
298
352
621
624
424
379
525
576
409
353
469
597
440
333
442
626
556
408
496
614
509
340
428
657
606
406
431
568
496
354
394
585
590
408
373
503
612
490
396
554
682
529
360
491
696
605
401
500
710
652
441
471
685
664
425
459
631
650
486
389
599
689
534
433
548
660
548
401
453
612
549
375
432
611
570
398
469
645
592
340
419
580
612
427
393
576
607
465
394
512
568
513
399
511
650
517
364
461
604
562
387
455
627
597
399
414
637
626
412
405
581
632
437
373
503
600
482
393
505
621
530
400
491
670
592
407
477
653
561
389
434
657
650
406
417
610
616
438
408
568
655
494
378
459
668
575
428
515
680
568
394
461
661
568
381
459
665
618
405
423
624
634
434
370
547
663
506
409
541
630
501
374
413
630
575
398
465
665
584
381
448
658
518
374
420
629
576
424
442
605
637
426
364
490
639
497
377
506
666
528
364
432
581
567
387
457
638
570
368
413
624
555
391
405
600
604
419
376
532
621
437
336
498
655
538
367
454
647
536
350
410
628
585
385
426
618
557
380
402
565
624
429
385
556
653
485
369
516
645
525
378
485
664
575
366
416
605
588
365
441
647
608
424
445
640
649
450
352
589
670
491
400
540
631
485
378
495
628
536
403
486
677
593
386
427
617
560
379
450
641
620
416
397
576
632
427
364
560
638
489
373
474
624
532
429
474
661
579
361
470
685
603
405
449
663
654
429
457
642
672
481
440
592
629
485
419
546
674
565
408
463
608
569
407
487
667
603
395
449
645
622
405
409
616
644
442
384
540
612
442
357
486
557
489
329
454
610
500
309
465
657
579
368
431
613
513
382
417
625
600
389
343
557
597
438
389
528
580
487
387
502
624
509
358
456
639
562
356
436
637
585
373
407
587
581
406
412
507
590
438
387
541
616
451
339
438
580
519
377
466
635
545
348
391
605
573
368
428
631
596
378
379
585
602
442
374
537
629
470
379
504
637
481
298
421
669
574
337
439
668
582
378
443
629
572
375
414
600
601
423
415
592
620
443
364
527
642
483
379
466
629
549
390
485
639
536
336
428
653
596
378
385
599
601
400
370
600
645
457
387
545
633
480
347
494
665
528
387
471
662
572
380
447
650
568
339
405
662
654
434
425
604
629
448
407
558
657
490
364
459
644
550
379
495
673
575
374
471
687
599
391
450
596
591
404
424
599
603
410
376
543
599
505
412
548
676
518
386
486
667
543
380
387
677
599
411
461
644
611
390
412
596
621
435
406
610
705
490
374
507
555
418
330
418
601
454
331
417
610
526
341
412
619
585
371
373
592
588
373
364
564
601
423
359
526
619
457
349
480
600
506
366
462
647
561
363
425
621
571
372
432
623
596
389
389
505
614
449
395
566
644
482
377
468
636
533
352
481
670
530
391
476
648
599
376
421
630
587
379
400
602
609
422
426
594
648
459
394
542
652
473
357
498
684
587
395
448
640
592
389
466
623
572
402
448
632
631
405
424
587
648
465
421
516
643
528
390
479
673
567
375
437
657
597
377
445
658
607
377
394
631
631
421
425
603
619
389
398
582
674
502
412
504
652
565
392
481
654
576
330
441
659
605
405
434
640
591
369
382
629
658
450
406
554
628
458
325
461
533
453
305
425
562
466
239
295
491
412
244
322
539
499
282
302
493
511
373
353
546
620
466
375
515
590
522
396
514
689
592
399
514
697
588
385
433
696
656
451
493
669
600
434
427
613
671
501
391
562
714
731
620
299
387
697
646
333
328
636
676
398
341
588
700
458
301
492
693
524
297
1
452
728
606
310
430
731
620
299
387
697
646
333
328
636
676
398
341
588
700
458
301
492
693
524
297
1
452
728
606
310
430
731
620
299
387
697
646
333
328
636
676
398
341
588
700
458
301
492
693
524
297
441
723
572
291
423
725
611
298
386
695
634
327
365
667
652
387
359
610
702
448
324
544
721
509
290
470
727
582
288
428
735
613
310
409
716
644
326
365
670
663
374
352
623
697
413
317
562
723
500
315
493
732
560
303
424
728
601
298
414
725
626
311
382
687
665
357
359
635
691
410
324
563
709
476
310
489
721
548
284
438
727
578
285
402
720
612
295
391
695
650
335
359
662
691
401
350
599
716
469
317
524
723
535
298
468
743
596
294
424
722
614
307
387
718
654
330
360
680
684
391
352
608
706
461
343
560
730
524
311
476
743
579
293
449
749
636
317
410
730
643
328
386
688
670
353
342
624
703
429
324
554
714
487
309
492
727
563
295
434
739
603
298
392
719
629
306
371
696
668
348
358
636
681
417
338
583
715
479
315
504
729
549
299
461
743
602
307
417
728
625
294
379
695
648
338
364
643
670
386
317
571
698
451
300
518
717
516
292
451
734
587
303
430
728
612
300
395
696
635
316
364
658
667
372
339
601
693
436
309
531
718
506
297
467
737
575
290
429
718
606
295
405
730
643
308
353
668
657
357
347
618
694
427
326
545
714
488
293
496
746
577
313
447
732
598
303
401
719
642
318
396
703
664
348
360
632
692
414
322
572
713
469
291
496
727
540
294
436
726
578
278
410
720
619
304
377
690
641
312
352
667
694
404
338
594
707
446
317
525
721
527
299
460
728
577
299
411
708
601
293
392
705
642
326
359
662
674
351
333
593
694
439
321
544
728
516
295
468
721
552
275
401
728
614
303
404
711
640
329
373
681
675
373
358
619
704
440
330
558
718
500
307
478
721
565
297
438
723
599
290
401
719
628
306
362
677
663
356
361
638
684
396
324
566
702
461
305
508
721
557
302
445
721
582
292
410
711
613
298
387
686
657
333
355
646
673
386
330
588
704
458
310
526
724
517
287
471
745
593
307
431
708
608
302
403
719
651
336
349
650
680
385
349
621
702
436
315
525
725
521
299
473
729
578
288
427
731
603
296
406
729
634
310
373
688
672
353
336
613
709
431
334
563
712
495
301
496
732
553
286
430
721
584
265
410
737
650
325
398
698
662
344
352
639
683
401
332
573
695
467
306
511
731
545
296
448
729
580
277
413
732
626
304
402
703
653
334
381
683
667
340
262
514
624
343
188
366
572
376
69
234
526
363
55
201
501
390
76
174
477
449
147
212
518
549
254
237
528
632
372
252
523
730
524
313
494
782
628
321
487
820
693
362
479
798
702
406
482
784
761
410
440
750
807
511
404
643
796
555
349
543
808
619
328
491
815
663
316
445
794
719
354
430
780
722
362
395
727
797
446
357
651
796
527
316
506
771
579
299
482
807
646
295
432
780
682
312
403
765
715
333
374
720
757
422
329
600
756
473
298
538
764
552
240
453
795
624
269
408
770
646
244
378
763
696
305
348
699
728
375
332
628
725
434
294
551
769
536
302
500
788
582
249
398
766
640
266
389
763
679
285
362
737
730
345
314
649
763
444
319
606
788
524
295
498
769
579
268
431
769
642
295
404
747
632
270
367
727
691
332
352
696
751
395
288
559
733
484
288
492
770
578
271
439
771
630
278
387
755
669
306
373
727
666
282
329
695
717
384
289
609
738
434
266
507
754
530
262
497
812
602
276
390
759
640
266
366
714
681
325
373
722
723
381
344
646
726
409
293
553
761
513
295
474
773
593
266
405
755
612
270
383
739
649
264
331
720
703
348
297
621
703
381
286
564
755
493
266
659
246
440
6
850
706
243
363
831
759
307
356
789
797
356
302
697
847
489
295
591
856
571
239
504
888
659
246
440
6
850
706
243
363
831
759
307
356
789
797
356
302
697
847
489
295
591
856
571
239
504
888
659
246
440
874
702
246
381
838
729
269
342
769
769
329
283
693
813
413
258
590
832
516
229
486
846
621
210
401
834
658
224
392
822
697
230
323
770
723
276
297
722
782
371
249
584
772
442
223
504
816
567
209
417
851
660
197
360
810
666
215
340
786
719
254
282
713
737
327
260
635
804
430
215
525
825
556
218
422
825
630
197
371
832
667
214
342
810
730
261
299
735
750
315
279
665
793
401
227
546
813
510
187
432
826
614
196
380
831
660
191
334
807
704
248
320
748
732
289
276
674
781
363
236
586
819
486
207
480
832
591
198
404
842
665
203
345
809
697
250
335
779
730
272
291
710
783
360
250
620
819
459
210
509
839
569
207
419
818
644
197
375
835
693
221
339
807
739
256
266
720
760
326
257
647
797
425
213
541
828
546
220
453
830
632
184
380
852
697
234
345
806
742
247
305
753
754
296
256
665
794
405
235
572
830
510
204
442
838
615
200
390
850
672
203
349
812
722
254
332
762
727
263
270
690
763
367
240
601
822
476
226
492
827
566
203
417
850
658
212
371
829
695
229
317
784
731
265
283
708
764
342
246
612
813
460
204
492
822
556
207
423
839
649
181
363
831
708
226
338
797
730
256
314
762
786
349
275
649
804
428
227
546
820
533
223
468
843
614
189
378
848
682
216
345
794
718
244
311
758
767
304
284
682
789
375
222
574
816
494
213
469
818
588
186
393
823
654
191
353
825
708
230
330
798
739
272
264
684
767
350
236
611
820
479
206
502
809
570
196
413
830
625
190
357
807
673
211
331
785
713
245
282
724
776
339
239
621
810
439
204
508
823
547
206
436
844
635
179
359
816
687
221
334
796
711
234
308
745
741
287
243
647
803
397
217
547
824
523
197
437
821
607
183
392
834
667
201
361
833
701
231
313
778
757
282
252
678
787
386
233
584
808
481
212
482
846
591
200
391
817
627
155
281
733
578
58
137
550
517
55
68
480
564
149
40
429
643
297
70
379
706
486
138
366
811
638
203
363
821
697
238
379
844
784
296
321
785
839
396
309
699
865
497
310
607
888
601
278
509
905
682
237
425
893
737
262
389
859
760
269
358
812
807
353
312
708
827
440
268
591
821
514
221
495
865
628
196
387
842
684
235
379
839
722
239
322
775
752
317
313
688
778
366
224
581
820
487
238
500
857
599
202
411
843
652
203
352
824
716
233
327
788
737
273
282
712
790
366
261
616
812
456
230
524
851
576
205
418
857
666
199
365
801
667
230
351
795
719
272
298
746
779
333
269
642
814
433
232
562
860
557
230
469
857
623
195
375
841
697
232
355
810
711
230
299
755
751
300
283
666
804
422
244
583
839
508
206
475
866
626
204
372
848
676
193
359
824
704
205
277
757
728
262
242
669
771
359
242
603
804
470
206
495
839
581
211
417
847
649
195
381
840
712
238
347
806
725
243
270
706
761
323
226
612
804
448
227
501
814
546
197
432
850
651
202
389
838
679
196
336
811
726
255
309
743
747
314
259
630
776
402
214
543
822
515
200
446
831
613
195
392
818
672
201
343
805
700
231
303
759
743
296
270
679
826
401
226
556
794
485
207
464
834
599
201
398
825
652
182
340
812
691
216
311
772
737
265
268
712
788
357
244
604
815
486
208
477
818
567
205
420
837
638
205
369
809
668
197
317
790
725
254
280
728
777
336
236
616
789
449
231
532
842
558
195
420
831
632
201
383
849
684
211
328
799
711
237
299
742
760
322
273
652
784
395
233
562
809
497
197
447
834
607
180
357
830
661
201
349
810
709
235
311
764
757
288
275
664
775
376
421
847
570
198
439
867
651
200
383
862
708
214
333
6
785
720
269
293
727
788
345
242
633
828
475
221
521
847
570
198
439
867
651
200
383
862
708
214
333
6
785
720
269
293
727
788
345
242
633
828
475
221
521
847
570
198
439
867
651
200
383
862
708
214
333
810
5
720
269
293
727
788
345
242
633
828
475
221
521
847
570
198
439
867
651
200
383
862
708
214
333
810
749
251
298
742
780
303
232
647
823
426
238
567
870
544
207
475
880
631
177
378
859
697
216
363
839
729
226
301
787
776
292
268
696
811
396
239
585
822
488
199
478
869
597
179
366
852
664
183
358
834
701
192
284
764
713
220
240
698
777
319
212
595
808
441
175
463
838
563
176
406
855
668
171
338
839
682
161
320
817
747
240
275
736
786
308
205
635
816
425
210
547
846
537
180
430
848
618
165
359
838
665
180
324
825
731
220
288
752
741
279
257
671
800
392
212
556
830
500
184
451
849
615
183
394
860
665
165
345
834
708
188
293
794
751
271
280
722
799
341
195
569
808
460
199
489
848
587
174
396
833
624
145
338
837
702
208
298
789
716
220
265
735
792
341
230
607
801
422
169
510
842
566
181
406
843
609
155
368
832
685
187
319
803
690
191
264
746
764
298
230
640
825
413
197
550
833
509
171
423
833
597
156
362
855
672
170
330
841
719
201
295
767
740
253
251
685
778
342
204
578
824
487
191
464
842
580
153
370
844
651
180
346
836
688
186
301
791
734
257
279
698
766
322
235
609
823
453
197
522
851
543
174
419
850
632
169
364
855
688
185
327
833
739
202
270
744
769
297
241
664
816
387
189
552
837
521
172
437
867
629
173
370
849
672
173
334
838
721
201
285
764
751
250
250
700
809
364
191
571
828
482
173
477
865
602
169
370
831
647
166
342
847
704
201
291
790
756
247
265
712
796
342
233
612
814
459
196
508
844
538
141
383
801
550
79
253
754
578
60
186
703
621
113
171
648
690
250
211
633
788
405
213
572
893
576
203
480
933
691
230
440
918
756
251
407
892
798
284
366
836
834
350
313
745
843
457
277
622
895
555
241
518
889
638
214
434
882
709
233
403
865
708
213
326
824
780
278
286
733
789
343
220
621
849
471
208
509
849
591
179
400
850
626
155
346
853
699
191
314
806
733
215
265
749
799
329
256
646
819
427
199
547
845
533
183
438
863
643
192
378
865
687
186
317
857
752
223
282
750
770
284
245
682
828
404
203
551
819
499
187
466
856
617
157
379
846
652
177
352
852
720
204
303
790
747
241
233
688
789
361
229
627
837
474
192
463
841
565
148
390
865
664
201
364
847
702
184
311
794
722
227
282
746
771
285
214
652
830
446
208
526
839
540
174
415
840
622
146
355
837
685
188
337
836
744
232
295
775
785
314
254
668
815
394
197
554
851
517
190
470
862
611
171
363
851
669
167
319
832
706
192
290
770
734
248
215
679
786
345
194
570
797
436
160
443
797
546
160
389
846
636
157
332
837
714
213
334
829
758
264
288
745
819
364
280
664
835
448
219
526
871
580
198
412
831
628
175
376
855
684
198
337
837
748
264
305
792
800
302
254
662
806
390
213
546
843
524
186
438
867
640
176
376
855
661
174
318
823
680
188
283
763
727
253
240
683
782
355
198
558
815
474
172
454
844
586
165
369
813
628
157
338
833
694
182
324
814
735
230
272
724
793
328
234
639
851
467
221
543
866
560
171
404
855
643
177
376
849
691
187
311
807
740
242
300
757
773
290
223
648
810
386
180
540
836
506
176
430
849
620
178
375
854
674
166
331
830
715
223
310
783
759
269
246
674
787
365
211
583
813
470
193
479
864
621
193
397
859
655
173
345
828
714
194
302
802
754
256
263
718
784
340
215
610
844
468
196
493
832
548
166
415
854
646
169
355
849
701
2483
449
576
605
477
419
533
586
468
369
454
570
477
367
439
559
520
384
9
465
602
559
398
462
565
604
483
449
576
605
477
419
533
586
468
369
454
570
477
367
439
559
520
384
408
505
539
429
437
586
571
439
417
544
565
434
378
495
544
417
377
483
586
503
396
413
554
514
360
390
568
562
414
413
568
537
394
425
556
567
432
368
476
584
457
382
484
592
501
394
452
602
546
398
440
585
519
361
386
552
514
387
381
543
557
429
392
510
526
436
391
486
551
449
377
439
537
463
343
436
576
557
387
400
577
548
400
408
559
561
428
385
526
591
480
436
526
614
507
406
472
583
507
402
448
591
542
379
376
530
519
371
387
544
532
408
384
510
547
445
402
527
592
472
423
509
605
533
446
498
617
612
474
483
657
607
456
489
657
604
471
466
625
648
503
464
589
648
560
462
583
658
558
458
547
647
606
477
505
635
606
453
474
604
605
455
436
603
638
511
465
583
611
505
428
482
619
550
453
534
630
552
416
418
618
585
444
461
601
583
442
455
584
591
469
451
559
572
466
416
515
561
493
449
532
621
534
419
425
602
552
447
469
613
568
399
396
537
556
454
440
558
565
428
401
524
614
504
429
508
584
512
402
463
584
525
416
467
588
579
445
459
593
570
436
427
578
591
478
431
549
560
487
432
516
574
525
414
493
584
578
459
479
589
556
417
439
571
584
476
463
583
566
453
459
572
589
487
436
525
585
488
412
439
500
439
353
403
532
478
329
351
523
473
353
351
509
554
428
415
546
581
464
430
531
604
505
431
536
627
530
447
480
610
555
432
455
606
581
459
470
614
607
459
399
567
618
497
464
536
602
503
405
528
610
519
410
490
608
529
422
467
600
560
400
429
590
541
420
407
554
574
447
428
557
597
475
432
518
572
476
426
515
620
548
433
469
595
550
423
427
584
556
433
411
567
563
461
436
560
583
444
433
548
608
515
392
483
588
551
429
466
596
576
413
463
614
557
404
427
592
553
481
472
584
592
463
408
521
598
514
433
514
592
532
434
480
597
559
449
453
635
586
474
487
632
615
487
474
601
617
476
454
570
641
554
493
560
643
564
475
505
622
586
454
468
618
570
445
453
582
577
466
455
583
583
473
446
558
588
486
437
538
563
504
436
506
571
534
425
480
618
544
402
451
596
572
438
447
601
602
491
462
576
582
465
423
514
599
520
428
497
567
543
446
456
574
558
458
464
598
553
436
429
555
539
422
425
544
547
353
423
547
592
493
431
520
572
498
415
453
569
526
393
419
543
543
424
422
564
541
446
427
564
561
433
409
539
577
470
418
520
587
510
425
445
574
557
443
460
565
560
399
413
594
580
446
450
588
574
449
417
530
583
507
439
538
602
506
399
468
582
509
411
453
606
563
405
427
579
568
431
453
589
546
442
444
556
581
474
428
550
614
511
434
497
590
516
402
478
607
581
459
463
597
571
430
434
578
604
476
462
594
602
495
455
533
613
512
439
480
602
570
443
496
620
566
414
418
603
585
455
449
593
584
445
402
548
576
466
408
558
585
503
429
496
609
533
414
472
572
567
440
449
581
577
435
451
610
598
410
453
604
597
452
394
539
614
485
424
527
588
502
407
458
596
548
421
455
598
540
413
436
605
554
398
447
585
550
446
450
585
606
475
432
539
585
496
431
524
621
539
414
468
600
535
413
456
616
590
443
461
614
587
437
439
584
586
457
426
551
609
487
431
514
616
541
427
459
608
553
414
449
616
585
468
456
570
586
437
426
557
570
430
431
542
594
494
450
521
608
522
420
503
599
541
408
463
615
553
429
427
605
554
453
447
593
571
452
433
578
599
491
427
531
596
486
409
480
598
532
417
460
608
568
433
468
614
567
413
438
571
550
462
451
565
591
459
430
550
609
497
388
511
610
546
425
463
586
544
413
432
3
404
604
640
462
406
553
633
484
380
497
636
532
409
514
676
584
341
448
668
628
407
7
441
625
625
443
404
604
640
462
406
553
633
484
380
497
636
532
409
514
676
584
341
448
668
628
407
448
649
540
394
426
583
647
470
421
610
650
496
385
535
624
476
338
484
659
576
419
461
630
582
400
437
627
595
420
417
581
607
395
434
588
648
487
387
558
641
507
384
507
636
533
380
450
649
589
383
392
629
595
351
431
644
608
448
397
604
634
454
329
558
673
530
396
503
613
491
378
478
649
581
383
417
634
574
405
435
634
576
393
398
611
628
464
403
571
608
456
341
476
612
534
400
491
664
547
375
435
657
618
406
417
623
605
409
395
564
623
448
444
622
651
481
371
432
624
595
435
508
665
566
347
420
630
602
421
451
651
602
415
375
577
622
475
441
616
651
434
400
542
665
547
379
492
597
571
406
482
643
573
366
422
651
616
349
390
613
575
425
426
596
573
383
411
540
603
428
349
388
554
496
312
346
477
386
185
242
482
417
153
161
436
459
276
270
440
521
355
320
487
528
468
390
529
656
494
374
492
707
663
447
472
640
674
466
492
717
670
474
470
724
693
511
458
597
685
583
488
630
717
541
456
560
710
648
447
499
699
653
439
490
713
626
477
438
598
692
493
457
661
679
502
453
591
694
567
413
514
679
555
387
484
695
648
424
446
627
650
467
443
634
592
460
403
614
644
465
395
564
654
511
372
495
631
545
394
458
649
585
320
385
660
643
375
370
611
602
421
395
557
600
411
201
367
426
308
201
333
461
356
154
338
697
642
433
470
693
644
400
458
646
634
447
427
617
648
488
419
602
693
547
434
564
673
553
392
478
639
628
468
481
690
624
420
466
696
689
436
459
687
718
512
450
606
673
506
464
629
729
595
449
562
714
639
443
505
691
648
454
450
669
570
454
450
664
670
418
349
576
669
499
374
562
620
463
371
499
650
538
374
464
672
552
399
446
669
596
418
417
622
582
398
380
573
525
450
378
527
629
461
357
495
619
497
297
440
623
540
317
409
653
623
388
406
640
618
399
354
540
606
484
396
533
622
503
395
520
615
487
386
509
675
583
334
387
687
629
399
439
666
613
427
423
644
658
417
409
624
669
497
399
541
668
554
388
483
659
572
391
443
652
589
324
411
672
612
401
365
568
632
463
414
586
629
470
320
482
669
541
346
498
629
539
327
461
688
582
361
410
677
612
349
393
600
636
401
402
605
622
449
372
443
602
485
399
537
695
540
365
427
630
609
373
429
658
622
407
436
609
631
410
407
606
613
453
387
558
615
466
353
505
645
544
383
449
654
576
367
419
628
531
364
405
628
610
380
370
582
534
426
393
563
647
510
411
519
647
530
369
469
677
555
397
452
630
601
382
424
684
651
408
341
628
668
491
446
619
673
501
382
515
645
478
378
508
663
588
366
443
650
589
348
425
654
596
396
422
619
619
432
416
541
603
492
398
502
635
524
399
464
645
548
408
464
668
592
426
430
527
578
427
468
653
618
448
455
579
582
461
404
546
637
524
409
468
643
529
381
456
626
540
377
393
527
509
349
360
600
601
444
429
585
581
428
364
557
627
488
406
475
570
528
348
491
639
547
388
445
624
562
371
431
609
547
427
431
554
602
480
402
549
628
494
398
515
599
541
399
481
629
545
379
395
625
568
400
455
651
631
434
415
585
576
417
404
559
595
454
374
532
617
496
383
505
644
520
383
439
605
577
419
435
581
552
415
417
602
564
429
407
583
617
493
431
531
580
510
401
490
604
553
416
426
616
583
426
442
589
577
377
423
621
618
454
410
603
630
450
413
571
627
498
395
502
647
552
414
464
635
564
360
451
659
614
416
426
612
603
410
385
590
651
500
440
560
601
498
403
501
636
545
411
496
636
548
376
399
632
582
397
438
6
554
476
581
619
585
476
561
50362
636
514
475
619
657
557
585
674
512
548
587
660
558
484
488
664
655
554
476
581
619
585
476
561
503
577
481
469
609
601
485
537
586
519
481
473
615
602
477
479
609
640
495
452
582
557
501
475
527
613
527
470
530
598
483
435
380
540
521
494
504
617
585
492
438
503
601
492
433
438
606
550
460
536
544
475
469
510
592
563
459
416
641
587
451
425
573
622
486
444
556
597
536
502
600
614
500
437
564
660
581
479
391
610
597
504
428
628
580
468
468
664
630
415
493
602
610
501
430
517
618
508
408
474
620
547
464
511
561
561
453
455
589
591
497
458
581
617
477
483
606
602
408
415
561
612
517
433
435
560
511
444
533
582
526
431
380
608
588
443
398
550
573
423
443
584
588
466
461
537
563
429
364
521
548
483
424
442
533
495
400
475
568
557
434
401
537
545
439
420
566
578
471
474
611
563
442
425
603
629
474
407
545
593
512
458
483
624
555
459
477
608
567
454
461
668
626
427
367
642
617
465
483
515
479
468
432
551
571
473
424
514
622
566
428
431
634
507
459
485
500
574
494
489
596
589
456
347
572
613
490
424
546
559
507
478
504
565
535
390
503
584
436
502
505
613
552
445
499
573
508
451
492
630
598
469
436
543
529
462
423
514
606
551
453
451
560
486
437
515
634
574
449
498
572
558
459
501
608
586
427
421
503
622
527
395
520
642
584
346
491
609
455
473
515
527
509
509
501
622
528
419
508
555
543
431
485
598
548
440
476
596
596
478
367
518
622
516
444
467
547
573
449
385
592
614
459
362
557
599
508
434
511
609
517
449
565
589
515
426
459
591
495
415
470
600
559
424
489
576
557
430
483
590
598
406
425
550
555
401
441
555
600
469
381
568
618
506
400
508
534
559
447
494
613
552
416
459
592
550
511
479
585
534
429
429
584
632
531
428
506
517
564
455
424
571
567
453
486
587
548
467
457
516
562
420
445
509
619
471
411
534
581
502
444
512
613
526
430
508
535
531
348
480
572
528
412
499
622
507
441
457
587
551
455
469
603
573
444
510
536
582
521
460
524
524
480
421
500
614
522
392
482
623
506
401
485
572
527
472
478
554
571
462
461
548
583
471
431
538
615
531
409
397
565
592
490
431
584
529
386
438
620
564
394
441
574
631
473
463
556
572
482
410
419
605
531
454
522
584
511
390
486
613
518
416
488
602
580
477
396
500
589
495
424
522
549
516
405
529
637
507
442
513
622
552
450
479
579
439
424
456
598
582
438
441
560
519
515
431
556
545
507
507
539
496
405
477
574
573
524
437
464
587
595
415
455
607
578
275
454
623
584
476
462
564
553
469
422
540
572
554
485
529
591
484
437
503
620
583
359
419
623
562
479
483
553
557
472
466
567
526
537
491
575
590
457
451
500
562
528
482
504
548
443
429
517
612
546
372
451
541
544
333
416
579
521
372
429
534
546
440
279
455
511
465
331
361
373
323
293
290
392
387
171
260
398
408
360
328
475
425
448
483
580
542
438
490
588
559
537
545
579
657
557
521
598
662
638
571
536
684
611
489
531
661
607
538
506
670
659
532
509
582
544
544
543
608
634
576
515
465
623
565
499
530
609
523
484
477
606
595
450
420
578
588
495
475
472
528
540
489
546
608
445
432
523
554
572
504
495
557
555
458
463
557
565
459
480
620
594
500
434
540
530
468
481
516
620
544
380
480
575
585
460
437
541
589
504
480
594
527
341
437
635
618
487
359
558
568
469
479
606
599
426
439
515
613
547
452
509
622
571
509
544
580
518
476
490
549
538
505
507
554
553
472
457
457
605
550
428
534
503
548
420
506
601
539
424
458
540
536
476
501
561
547
463
472
550
552
419
457
572
513
538
499
531
589
453
451
525
592
543
381
473
589
530
436
453
601
580
415
273
610
3
459
421
611
650
531
455
492
576
540
498
573
639
568
511
499
617
616
492
509
605
603
505
468
573
610
3
459
421
611
650
531
455
492
576
540
498
573
639
568
511
499
617
616
492
509
605
603
505
468
573
610
512
487
530
572
507
479
577
601
519
488
522
579
540
427
494
634
607
502
499
578
545
456
454
538
569
482
500
555
528
426
427
518
548
462
471
563
611
556
482
514
565
526
428
442
602
574
460
505
625
604
470
508
589
569
476
492
579
577
505
509
547
587
474
447
513
581
543
452
523
595
534
460
525
605
541
459
525
588
555
466
503
576
561
467
478
557
579
503
440
450
596
551
493
540
608
563
473
487
584
543
444
442
592
591
482
466
522
550
442
461
560
566
519
442
526
572
512
478
487
571
559
427
463
557
529
439
464
566
518
445
478
551
577
523
464
521
523
467
458
532
585
502
424
495
572
537
469
535
563
505
415
457
567
562
479
466
508
536
479
458
572
584
461
434
537
585
526
457
508
550
534
503
517
548
502
456
470
582
556
462
458
536
537
471
469
527
539
465
442
535
590
523
488
515
578
536
434
459
539
537
444
459
554
487
399
474
542
538
455
464
552
558
467
435
512
535
450
420
529
555
510
441
501
549
559
467
495
594
526
396
413
561
544
453
481
578
559
469
459
556
584
446
388
503
555
481
419
477
555
440
418
484
546
494
408
439
546
522
408
407
511
534
477
421
505
496
446
446
486
538
449
418
530
519
460
412
448
517
522
422
441
563
508
396
427
553
535
435
442
526
539
470
430
532
551
476
443
516
562
422
391
497
571
519
441
407
548
512
369
340
416
468
408
436
527
510
418
348
457
504
412
421
464
468
390
386
407
468
342
325
383
499
448
333
332
480
464
402
431
536
539
457
475
588
563
486
500
624
634
561
522
626
710
608
503
508
643
665
560
471
573
593
532
508
606
605
502
501
604
620
523
469
563
597
524
475
565
610
564
515
572
649
637
563
615
716
661
563
584
709
685
582
589
669
629
558
498
627
666
579
563
667
702
562
539
629
673
601
511
488
552
564
461
451
515
545
431
441
512
517
414
420
480
519
457
418
502
542
477
377
448
564
531
422
403
519
496
412
389
440
423
328
267
441
445
362
363
466
494
411
388
505
541
487
455
563
646
633
571
592
736
668
585
651
721
668
539
549
666
639
502
492
623
582
545
579
673
719
621
556
599
709
652
596
615
716
673
577
574
647
680
577
579
721
701
565
576
657
644
526
494
602
625
554
496
581
619
538
420
487
573
526
445
453
591
521
393
458
581
562
445
442
543
515
440
411
497
529
441
383
446
539
466
373
456
529
468
371
421
561
556
438
460
573
521
415
475
564
585
478
490
593
601
502
474
554
595
510
468
576
624
527
476
516
583
544
482
487
616
579
423
444
585
597
483
468
565
563
487
416
538
588
501
476
551
568
479
408
471
600
550
442
466
587
568
400
435
571
532
454
488
570
548
406
386
549
596
472
425
495
539
510
415
496
543
532
442
493
588
509
403
468
583
516
429
428
548
531
461
458
538
528
453
411
499
578
506
433
502
557
482
441
489
550
532
430
426
571
580
458
470
563
556
425
446
564
585
392
472
567
581
509
469
542
585
472
434
493
585
563
468
484
596
541
443
507
605
579
431
429
558
594
500
458
563
562
483
462
526
610
540
458
491
559
548
454
499
614
572
464
486
603
548
427
461
580
570
473
470
528
568
461
421
534
585
490
449
515
579
503
448
491
567
520
435
480
582
523
451
447
554
511
476
489
558
560
456
461
584
579
506
462
485
542
506
465
506
594
530
437
447
564
583
481
470
544
547
422
422
594
589
488
459
572
562
465
427
535
566
497
464
493
528
530
461
481
556
485
413
434
577
539
404
336
505
556
448
451
537
521
443
417
541
575
484
412
493
576
0
6
547
648
642
523
498
595
674
584
491
632
703
649
524
585
692
642
476
493
677
636
501
527
680
584
510
6
547
648
642
523
498
595
674
584
491
632
703
649
524
585
692
642
476
493
677
636
501
527
680
584
510
517
667
624
469
452
576
681
549
435
588
662
566
440
516
618
602
489
522
662
589
418
458
648
601
459
462
577
612
411
336
573
670
518
444
529
607
529
438
518
630
514
425
467
662
613
464
461
622
578
458
440
591
558
418
398
569
614
466
399
536
595
537
439
531
636
573
385
474
621
530
427
471
630
594
422
414
528
576
420
430
578
608
469
421
551
602
537
457
531
627
558
413
467
621
605
442
485
675
644
481
474
644
597
478
484
653
663
480
363
528
594
506
419
517
606
446
414
504
627
553
338
453
612
580
400
384
550
559
397
366
521
508
340
255
428
510
348
235
364
470
354
275
417
505
447
367
401
501
542
410
434
633
591
457
464
628
648
545
508
638
646
550
476
527
660
603
494
591
624
610
495
513
689
665
504
477
651
673
489
495
642
581
470
472
610
649
533
463
533
589
509
427
504
663
541
412
478
603
587
455
465
565
580
454
464
587
532
423
435
593
604
535
441
507
552
442
379
504
629
577
456
499
590
592
437
416
535
575
513
516
607
591
464
449
571
560
459
424
549
575
531
435
481
602
544
499
484
583
629
522
556
586
535
430
421
559
651
575
515
601
539
395
406
530
520
521
459
426
546
506
427
480
607
588
472
470
604
615
415
421
528
530
470
480
580
595
398
387
538
566
472
468
564
584
493
376
466
620
523
386
456
596
513
390
406
581
589
467
420
547
499
405
502
619
587
369
371
486
550
514
411
463
600
488
410
502
608
548
411
427
589
599
356
435
607
631
492
478
589
593
450
464
581
608
552
498
581
625
517
428
489
657
498
424
496
651
620
473
470
606
599
487
421
528
516
440
365
512
513
417
345
341
487
343
288
359
476
444
272
393
596
567
407
449
638
595
474
482
635
685
569
517
633
670
563
520
615
619
541
459
495
607
515
425
445
589
541
383
412
580
525
408
369
550
554
428
439
576
599
466
352
538
569
548
437
440
575
545
365
463
643
610
436
497
648
584
446
505
698
681
516
505
664
702
627
581
674
710
550
535
630
708
628
549
579
659
658
551
584
730
703
538
475
663
695
571
530
628
655
511
479
624
625
508
451
586
686
579
480
474
633
635
431
497
683
654
442
496
622
625
491
479
654
599
516
481
590
679
541
452
505
666
616
489
531
559
609
457
494
539
532
341
370
542
528
301
305
495
574
433
356
525
462
352
218
299
341
298
178
217
375
293
123
178
354
318
164
142
279
203
72
59
247
282
127
47
251
312
216
149
272
354
264
200
260
372
427
316
351
495
473
304
340
556
508
362
411
600
622
429
462
641
639
534
467
545
680
598
539
603
656
605
511
563
689
678
524
562
720
709
576
611
748
666
562
576
684
684
564
536
695
727
601
496
597
720
667
551
630
739
712
576
596
732
678
462
494
697
634
502
529
635
618
537
444
646
715
535
407
604
573
543
500
519
633
584
356
394
549
570
402
240
388
338
152
207
410
443
198
212
400
388
402
347
472
507
408
358
503
612
593
497
541
693
608
495
530
640
650
542
503
692
731
554
537
688
707
600
492
668
708
541
562
592
713
677
559
585
739
694
473
556
718
688
494
447
701
688
538
530
698
688
500
402
627
693
574
463
536
585
525
475
489
610
583
469
487
579
570
448
475
627
565
420
382
552
640
443
406
579
624
434
412
523
625
564
412
407
591
536
401
441
591
567
445
447
650
592
431
408
623
615
480
409
533
604
477
370
512
640
466
443
543
644
586
448
410
628
575
405
506
645
606
408
432
613
602
467
465
612
594
517
361
576
647
531
474
589
626
558
386
421
569
530
341
333
516
407
269
3
431
481
600
570
457
476
594
568
452
416
531
566
450
411
522
568
7
502
455
523
592
518
434
466
596
503
431
481
600
570
457
476
594
568
452
416
531
566
450
411
522
568
480
401
499
587
521
419
466
602
552
444
481
592
562
446
451
556
531
443
428
570
562
468
435
553
596
501
449
525
573
501
444
518
588
548
468
520
633
584
485
495
633
632
519
528
623
620
506
527
630
653
530
489
577
628
542
437
519
612
548
448
505
621
596
488
500
618
562
439
483
609
603
488
470
576
606
503
461
560
608
539
471
528
614
537
446
469
597
562
450
479
605
551
431
447
545
563
472
455
578
578
471
449
557
597
509
448
484
587
541
462
490
571
513
419
443
548
520
442
431
559
560
458
455
537
537
472
453
556
589
493
444
533
594
522
463
476
605
535
458
496
598
543
435
469
553
543
474
469
584
564
462
411
538
572
491
435
532
573
506
443
508
599
524
428
485
542
540
428
464
605
573
455
483
592
577
483
465
571
581
467
459
548
593
478
435
533
614
554
470
512
599
524
452
480
607
570
409
414
582
560
467
468
577
565
447
443
555
587
501
448
501
568
449
407
464
555
500
370
405
498
497
418
403
529
504
407
409
508
518
397
410
521
553
471
435
489
542
486
408
518
607
536
452
474
544
511
445
499
598
588
470
467
583
564
471
460
556
584
465
454
534
584
487
426
497
534
503
436
473
571
527
421
435
549
520
401
449
563
546
458
452
550
527
439
435
490
546
475
414
481
533
475
400
448
501
500
423
448
543
499
365
361
489
470
371
373
462
472
400
388
485
528
439
396
471
488
451
428
512
596
546
471
515
637
592
463
496
611
564
434
430
562
558
477
470
603
604
437
392
454
437
336
246
286
359
320
235
267
364
359
278
298
416
375
280
262
431
442
337
323
442
462
405
391
484
513
422
363
432
538
497
419
464
589
546
445
436
546
540
432
436
533
557
453
452
568
555
446
420
541
559
450
409
486
544
446
344
428
517
462
342
337
403
289
0
38
314
403
383
452
595
621
548
536
666
713
621
584
703
762
708
611
665
753
682
564
599
744
708
572
581
683
637
488
514
674
684
518
526
678
710
599
570
700
773
669
589
656
758
698
584
627
764
688
552
586
730
692
534
555
697
667
503
461
673
700
565
511
622
671
573
503
604
690
622
528
586
705
644
524
544
712
679
517
478
663
683
527
528
678
653
493
466
603
646
504
412
546
659
546
419
483
606
516
362
332
432
315
129
108
250
219
65
86
234
280
128
107
244
316
223
163
321
411
337
276
372
477
418
388
476
661
650
595
671
858
839
745
796
886
853
694
657
784
828
706
666
753
799
722
669
745
878
829
727
761
854
810
702
726
841
808
722
704
790
760
655
651
749
769
669
653
710
699
623
606
693
761
694
606
638
696
671
565
592
766
729
625
654
801
713
551
527
621
611
514
522
598
599
491
473
562
634
554
539
611
667
589
504
551
716
728
673
693
830
791
667
646
725
684
563
531
646
640
486
472
544
556
509
447
522
591
521
436
525
669
592
451
466
571
471
336
334
416
405
289
274
374
406
366
420
610
741
723
695
819
874
782
658
712
779
701
571
551
669
613
491
498
603
587
464
398
532
566
521
534
606
644
558
539
656
744
699
610
674
802
764
684
721
795
764
691
714
819
769
664
722
772
708
602
539
582
511
364
279
275
280
183
161
159
220
164
41
48
132
121
71
30
92
75
0
35
155
129
79
88
184
220
190
216
302
322
260
217
301
419
460
422
519
646
631
604
657
748
716
600
625
731
744
646
667
788
802
688
668
770
831
757
701
761
839
772
689
714
772
721
612
640
721
672
583
584
681
668
537
558
660
631
528
527
639
665
525
507
605
649
577
576
587
636
564
461
513
653
616
500
519
611
579
472
471
564
549
450
487
556
554
449
437
513
541
481
871
572
502
1
463
517
555
445
433
550
606
482
423
539
593
491
412
524
585
528
417
496
604
524
445
442
571
572
502
513
596
556
416
440
592
591
483
473
573
595
466
411
530
605
507
449
542
629
536
437
492
567
544
398
497
622
589
458
450
549
546
468
432
548
619
489
398
546
621
519
427
518
616
539
442
507
596
543
431
468
607
574
424
458
573
539
416
450
566
588
473
393
523
622
494
442
546
621
517
414
432
569
552
444
487
608
555
377
377
579
581
481
483
592
561
440
466
589
565
481
432
535
609
527
413
488
566
525
443
498
640
616
472
479
533
593
463
478
605
623
494
439
564
609
458
456
577
628
531
440
540
592
499
445
529
606
537
452
487
587
565
445
466
563
585
458
423
572
561
486
418
525
602
522
467
567
607
507
419
465
586
524
392
415
549
476
307
398
576
573
401
437
558
598
478
452
569
602
421
417
547
621
500
426
505
604
492
432
497
602
590
454
467
592
586
434
401
554
580
466
422
540
605
464
393
535
607
501
429
509
606
536
450
501
594
535
387
392
617
630
495
482
607
625
468
413
523
622
519
473
578
614
483
352
500
620
541
425
499
588
526
316
458
619
602
456
457
562
571
402
425
557
588
450
443
532
592
491
415
534
629
544
449
527
563
536
423
463
610
575
444
468
591
584
427
446
580
579
449
417
557
610
490
428
527
538
434
415
532
610
531
440
496
596
561
472
491
613
588
454
452
590
592
450
477
597
619
507
467
558
571
507
468
552
626
544
454
515
592
540
431
498
611
565
439
475
518
535
442
453
553
547
481
457
531
566
474
417
500
586
500
415
482
598
547
410
447
589
552
447
414
595
578
453
473
580
573
418
432
542
599
471
446
532
602
510
441
494
547
490
415
461
594
557
456
464
576
527
400
422
576
572
430
443
548
564
447
418
530
587
503
443
531
589
504
380
445
594
558
416
454
587
562
436
439
568
518
378
456
585
581
480
452
553
573
480
401
533
573
511
422
501
575
554
433
480
603
567
463
481
581
552
440
456
574
586
483
457
563
577
459
418
509
576
508
429
520
599
527
413
449
597
541
370
450
562
597
492
414
564
516
515
483
586
561
462
413
510
589
496
414
422
483
376
284
386
482
407
275
323
377
347
268
298
419
391
253
288
467
512
414
393
467
537
468
444
570
621
483
441
577
683
587
496
561
682
654
487
468
654
672
543
544
639
637
513
495
583
566
580
546
621
642
553
488
554
625
500
455
503
628
596
470
448
576
602
516
504
604
599
465
432
561
636
531
447
534
608
524
381
518
609
561
454
433
608
598
459
475
578
572
440
452
574
579
456
408
533
620
524
491
580
559
468
469
556
629
548
451
501
608
563
450
457
572
580
435
412
607
595
466
420
555
589
463
418
538
623
507
414
504
604
528
440
475
577
538
438
454
561
578
470
473
590
592
422
421
541
596
486
467
551
610
466
348
523
636
554
455
525
618
556
422
470
593
510
366
448
609
613
483
402
525
592
464
412
557
565
529
457
530
559
470
401
495
620
550
451
485
566
497
409
448
612
596
464
444
525
580
486
467
553
590
414
422
551
626
506
428
522
574
547
464
473
587
545
421
435
590
605
486
415
547
578
454
451
547
604
513
488
584
596
500
429
520
570
545
472
534
607
515
392
469
591
568
455
478
604
585
454
456
485
572
456
447
536
579
499
464
551
581
501
379
520
611
519
447
504
585
531
421
401
595
603
477
448
552
593
475
426
560
592
487
451
534
542
466
434
527
600
516
429
471
584
557
429
441
534
552
403
454
577
598
458
421
552
582
457
374
547
612
525
460
523
518
467
434
485
608
498
412
490
585
555
424
413
603
586
461
444
539
530
458
420
541
592
484
398
529
575
494
415
490
598
532
427
472
573
560
385
453
592
581
413
421
575
526
422
433
577
576
468
5
613
703
3
696
656
644
742
675
656
649
730
702
665
679
738
734
688
703
669
748
688
605
644
686
668
587
613
703
3
696
656
644
742
675
656
649
730
702
665
679
738
734
688
703
669
748
688
605
644
686
668
587
613
703
746
577
593
734
696
563
593
684
667
563
582
725
713
610
569
586
683
693
584
491
745
642
576
601
645
575
488
555
678
655
544
545
569
552
537
532
592
588
482
488
515
568
487
450
489
572
496
390
475
569
518
401
447
584
555
443
424
515
524
449
435
529
559
434
397
545
508
468
468
510
591
502
392
454
511
529
434
480
546
497
413
438
529
539
432
407
504
503
432
433
526
530
424
453
501
530
460
425
472
551
503
435
450
551
519
421
453
573
546
411
381
529
518
423
464
538
554
450
424
490
551
494
396
483
555
494
405
442
558
543
456
468
553
521
407
397
548
552
448
398
473
519
477
442
498
524
455
453
529
584
501
379
434
572
564
471
483
521
542
471
498
574
558
449
456
563
570
482
439
534
579
458
465
536
583
521
436
502
559
507
438
457
582
563
430
465
557
512
417
420
567
562
463
422
493
534
430
462
530
584
535
434
484
580
522
449
468
533
485
410
443
596
600
491
576
698
626
531
548
531
540
378
305
392
464
460
450
629
654
481
385
422
543
508
437
523
603
554
476
474
601
611
528
532
597
566
521
439
608
634
571
513
537
635
544
503
507
671
603
443
488
598
518
440
477
544
515
455
458
561
581
454
445
602
599
537
465
498
623
515
416
370
487
510
420
502
611
550
437
450
514
584
533
491
569
548
491
494
561
535
488
507
537
531
505
429
530
588
537
395
478
500
486
464
476
532
532
443
442
531
548
454
453
518
538
538
468
598
602
490
478
525
559
385
358
449
529
479
403
431
626
631
529
500
568
520
375
419
503
518
426
446
565
577
520
452
508
475
501
463
494
589
555
475
493
594
551
404
413
566
526
454
436
527
576
453
436
567
569
501
437
510
550
526
504
589
653
569
356
350
475
505
429
418
532
556
415
410
576
602
438
414
490
551
455
467
546
606
502
444
426
577
507
471
497
548
515
400
471
575
496
449
479
570
568
433
448
507
524
461
425
532
612
516
431
511
562
507
464
525
579
539
442
446
514
523
443
459
555
546
450
482
567
519
475
500
570
565
474
427
477
570
512
435
477
590
534
472
503
588
568
400
445
607
600
467
485
569
608
504
462
509
567
534
482
567
536
520
449
516
583
531
450
485
580
571
462
471
601
544
431
394
563
550
479
461
542
581
487
448
494
556
516
454
546
587
522
402
449
604
560
456
469
574
566
446
444
543
559
445
483
573
593
460
426
525
572
477
374
512
600
531
485
521
593
530
357
454
599
595
483
494
577
533
415
490
600
585
509
453
536
563
446
417
517
592
540
429
498
548
487
437
458
596
581
453
469
552
549
495
490
576
550
447
410
523
610
488
414
527
521
520
460
533
610
530
435
451
530
589
484
557
607
654
413
424
512
539
406
382
506
532
489
484
637
632
540
452
450
441
406
336
378
432
400
285
284
387
362
