508
5
452
496
622
611
472
468
623
611
457
429
557
581
469
417
564
582
446
419
548
630
491
460
534
592
508
362
462
579
536
421
454
505
530
407
450
537
534
404
391
504
544
421
405
470
536
434
388
453
510
476
371
398
548
514
386
425
521
524
414
420
521
476
378
392
522
545
408
343
497
580
495
404
474
527
476
384
437
508
503
425
462
584
528
420
416
471
529
431
425
523
527
409
390
457
527
485
444
493
586
514
402
436
551
476
415
450
574
536
411
345
533
571
419
388
545
570
450
409
465
536
424
393
490
565
480
374
460
549
482
410
391
529
493
413
421
562
537
366
409
523
499
397
392
471
496
397
342
398
434
365
279
308
366
354
248
272
359
301
216
255
391
392
290
318
463
477
343
307
488
522
412
395
502
561
436
440
474
600
558
445
475
576
552
486
494
632
595
444
503
616
609
496
475
559
604
534
480
551
634
552
492
534
611
540
443
528
605
601
458
501
631
581
476
468
619
609
468
415
550
595
482
465
524
610
525
458
513
559
531
437
518
593
545
409
463
570
538
438
457
558
546
400
453
558
533
398
453
567
564
457
441
529
594
451
429
494
595
525
406
426
557
487
413
441
567
543
407
434
563
545
416
437
548
580
456
376
510
562
485
408
448
557
515
442
465
544
523
412
438
554
521
404
410
517
518
419
419
556
566
420
368
481
567
444
397
502
593
511
407
445
580
547
444
475
560
468
396
485
587
594
424
434
555
543
443
432
556
575
501
449
512
492
488
453
501
592
524
420
436
504
539
456
463
566
569
445
373
573
594
466
399
515
527
471
453
513
550
492
451
456
562
521
446
483
539
520
466
484
568
536
381
433
521
532
414
388
501
481
415
393
454
547
460
388
396
515
464
377
411
507
452
248
393
516
485
373
398
506
484
347
380
421
496
390
386
460
469
329
390
455
531
437
334
354
465
335
248
302
437
398
270
346
533
551
421
423
514
579
513
537
632
634
535
536
611
664
572
449
585
662
604
522
538
650
588
460
482
619
596
483
451
581
621
515
485
565
613
513
476
520
586
538
487
567
634
500
467
496
637
565
451
466
605
588
457
451
575
592
469
460
569
589
388
395
509
607
497
463
535
612
510
413
501
593
524
406
438
627
578
447
470
582
576
421
422
506
581
452
465
547
589
509
445
515
568
496
416
427
592
535
419
454
594
481
408
485
598
553
420
422
548
583
381
411
550
510
499
475
511
580
511
426
415
569
522
446
471
594
565
434
429
554
515
393
456
566
570
431
424
576
589
458
434
538
583
473
448
494
580
520
423
456
569
540
414
418
563
551
436
416
564
568
416
435
546
565
421
378
491
566
490
433
482
530
450
416
488
585
489
378
448
584
556
431
436
544
523
389
431
576
540
438
401
544
597
455
418
504
582
475
412
501
611
542
387
441
594
549
440
438
594
562
424
427
516
566
477
445
549
535
437
421
547
606
514
421
483
572
497
392
483
589
585
468
474
579
530
448
463
560
565
459
413
528
555
433
424
527
575
494
435
450
545
540
440
496
593
539
335
441
598
593
464
462
545
540
456
464
547
582
474
447
516
591
513
430
455
571
493
450
510
621
585
447
439
570
573
481
500
620
604
446
448
589
557
483
498
577
534
471
481
540
626
550
471
503
582
505
409
421
591
582
459
465
569
563
388
452
575
593
448
419
514
592
504
430
497
576
486
410
455
534
520
420
456
567
528
404
413
559
545
404
426
535
561
471
444
550
554
434
417
514
572
491
402
506
587
527
454
487
596
546
346
447
595
556
431
473
577
556
421
476
598
601
483
461
507
567
479
468
503
579
520
450
494
602
523
433
485
587
555
433
460
570
561
429
437
520
582
494
461
559
584
452
449
550
601
551
454
523
590
568
481
472
617
601
447
504
621
590
486
469
581
583
475
466
546
582
460
359
487
567
490
442
504
563
534
408
444
597
574
431
482
597
610
473
471
552
523
435
463
591
624
524
481
460
511
495
426
525
620
550
428
436
578
550
463
493
603
573
430
441
559
588
461
469
596
601
441
481
571
604
491
431
493
603
524
475
519
609
577
446
485
614
556
477
507
617
595
490
477
610
632
476
444
584
619
518
450
507
559
532
453
504
599
554
451
504
606
569
454
513
616
605
454
477
595
593
472
470
531
624
507
454
504
578
508
434
476
555
502
387
463
591
537
434
460
577
529
414
406
533
544
422
444
520
526
402
398
506
560
468
400
422
506
443
406
442
573
511
415
440
555
541
393
415
563
561
447
459
561
568
441
412
503
511
472
447
508
587
491
418
476
560
431
375
459
582
548
433
394
537
537
448
492
592
552
428
459
555
600
507
443
532
587
479
458
520
612
523
434
501
621
591
449
447
577
563
424
493
621
592
479
452
583
587
507
479
542
531
516
479
526
628
552
424
484
629
597
464
474
556
566
453
472
593
605
490
485
583
567
452
432
537
596
519
463
491
611
543
458
510
607
556
435
461
522
537
457
481
595
573
466
461
558
556
435
438
550
570
486
417
515
626
539
431
519
561
547
428
428
565
554
421
399
559
549
426
426
474
536
452
453
529
563
468
420
508
558
490
365
465
563
557
457
481
567
576
434
483
597
564
443
461
562
531
499
487
581
599
495
478
587
674
574
476
502
626
588
472
454
586
573
464
501
603
576
422
417
514
542
464
470
570
569
463
425
507
543
441
468
504
616
534
435
478
578
532
424
472
584
552
422
441
553
570
428
425
526
575
478
452
563
617
518
462
487
601
532
474
525
627
562
457
476
622
603
482
475
579
568
461
478
588
597
438
416
574
605
490
438
507
558
461
422
514
604
528
429
465
570
549
432
462
581
574
438
435
546
587
459
442
541
602
471
437
522
587
526
458
495
597
565
455
501
573
557
471
516
615
557
453
478
590
602
502
474
561
592
472
425
506
568
498
454
538
595
521
445
470
563
555
464
488
575
527
442
468
580
603
467
461
573
572
475
450
498
552
459
448
526
602
533
459
532
617
534
446
482
583
573
423
469
564
514
396
445
554
571
424
431
534
566
450
410
510
572
459
369
360
541
491
371
396
482
415
320
327
424
384
300
294
406
403
308
321
438
466
348
321
423
484
403
387
458
547
469
348
445
577
546
439
465
570
487
472
481
617
600
462
456
548
584
480
475
585
581
509
475
550
630
517
480
531
610
570
460
487
594
582
479
449
622
628
485
495
555
629
523
493
574
577
530
468
570
645
543
477
489
574
562
497
522
615
576
462
472
598
567
491
506
607
600
431
472
569
597
513
411
537
636
549
452
508
602
524
442
531
638
575
428
433
615
610
477
460
585
585
445
416
537
600
503
466
482
601
510
445
539
584
550
438
451
566
549
429
469
633
606
468
472
577
583
441
455
563
546
490
470
551
602
499
421
505
570
518
452
509
561
546
466
514
576
563
456
470
594
537
458
492
579
574
486
448
542
574
483
464
546
610
531
431
476
543
566
491
517
605
559
434
439
562
563
390
444
584
589
427
459
573
598
493
444
522
530
511
463
495
612
519
427
487
566
553
402
455
592
574
441
428
574
576
463
397
551
572
427
424
527
582
492
406
467
573
526
439
424
552
551
429
457
524
572
425
433
544
574
440
453
574
505
453
467
566
571
456
434
559
632
553
461
506
589
523
380
492
619
571
460
491
559
567
464
457
555
567
434
379
510
592
467
444
529
569
503
429
464
553
529
429
468
583
524
420
434
569
562
410
432
534
564
434
426
519
558
474
444
494
547
466
430
509
606
546
444
452
569
537
441
441
517
532
443
452
566
565
391
440
512
531
437
406
509
547
516
418
446
501
443
403
442
530
479
381
449
564
548
383
374
473
444
310
280
334
325
196
181
321
379
273
301
382
447
360
306
392
470
300
310
406
518
458
327
335
443
473
390
415
507
528
397
366
526
566
492
459
558
611
549
524
577
650
595
507
562
689
622
630
652
745
715
626
630
710
706
620
651
730
735
599
626
694
732
624
538
641
704
640
530
512
627
631
537
545
669
623
447
450
476
611
485
464
515
588
492
458
561
588
493
408
517
582
556
392
482
584
546
447
508
523
501
439
453
548
522
413
382
508
563
430
424
515
487
435
419
509
571
479
366
460
538
486
427
467
546
517
414
424
594
560
431
438
557
511
455
439
568
525
441
482
512
534
447
404
411
500
387
304
357
459
395
336
386
498
438
364
396
513
482
369
391
506
495
388
375
454
494
395
396
431
558
512
455
503
599
555
432
430
540
591
525
452
593
628
546
527
614
626
527
507
576
616
508
504
532
602
551
478
464
567
611
515
544
652
618
533
554
651
551
502
546
644
623
521
501
614
640
609
562
626
680
603
523
577
637
519
475
576
649
542
500
490
551
564
542
499
527
596
521
488
579
568
452
463
590
614
505
412
562
607
520
460
578
662
567
549
581
613
627
522
520
586
589
441
398
461
513
436
420
470
553
417
439
508
560
500
425
383
587
589
509
518
590
596
495
482
578
608
493
426
599
623
522
455
486
574
523
505
531
595
497
464
540
556
539
503
550
574
584
506
522
625
621
494
484
614
624
467
492
609
623
510
482
569
622
556
453
484
541
554
518
537
605
529
450
496
618
584
464
430
534
583
501
473
528
588
512
427
530
582
494
403
491
601
545
396
480
547
508
475
487
577
538
425
414
508
550
474
462
557
558
437
355
513
587
495
389
506
579
540
458
449
541
520
479
468
562
558
408
457
583
511
462
484
565
548
431
469
557
569
485
455
508
547
517
450
486
517
506
398
496
607
573
451
490
482
552
480
471
584
576
456
422
530
578
487
444
503
574
491
412
475
589
546
448
479
556
516
454
474
531
522
467
440
534
544
458
468
531
542
478
414
487
562
515
439
504
550
523
410
452
567
490
400
482
553
544
468
465
569
546
436
438
534
586
488
470
551
578
488
433
508
554
457
383
490
560
496
409
497
592
528
379
458
588
580
467
444
532
527
465
453
539
552
412
437
532
595
516
396
407
603
561
471
489
572
547
432
485
567
535
434
411
563
569
487
475
547
560
489
460
511
572
498
427
493
564
538
465
486
586
567
439
500
603
570
425
431
539
575
472
486
587
601
467
472
543
554
479
412
502
574
529
474
518
587
561
385
482
589
580
454
487
612
536
465
497
584
597
492
455
547
547
453
457
526
590
505
474
511
575
518
418
459
594
542
477
497
573
572
432
431
509
561
457
443
516
565
491
414
468
560
519
449
493
524
485
454
489
582
550
391
470
584
552
436
363
498
565
481
503
585
554
504
419
503
563
462
466
476
582
521
463
502
582
523
443
489
573
554
480
480
552
575
495
473
540
578
471
467
523
581
507
452
523
585
525
460
493
600
556
438
484
578
528
419
443
551
593
482
445
508
561
521
438
541
561
507
491
506
500
510
493
498
598
552
485
494
609
531
439
467
572
524
479
496
539
571
439
496
606
617
479
447
493
655
586
485
503
575
555
495
548
596
568
490
481
562
521
414
488
597
589
482
497
530
590
503
490
514
557
516
480
533
599
530
439
432
533
552
477
508
600
563
438
442
569
505
441
471
554
566
464
397
508
537
419
381
427
444
393
325
342
344
373
288
281
373
401
324
339
429
431
336
336
478
507
383
357
505
567
509
427
533
556
559
485
551
627
563
522
512
656
622
537
563
653
630
479
546
642
642
545
534
640
623
557
527
599
649
594
515
562
581
534
490
533
643
611
498
514
613
602
510
501
577
556
424
526
613
607
497
472
591
606
533
503
545
603
428
421
602
636
474
443
514
568
475
398
451
602
551
395
461
612
576
428
446
580
558
423
351
577
626
465
431
534
585
458
370
476
576
504
384
469
575
537
407
443
570
506
380
406
571
594
458
445
561
573
443
411
502
555
483
433
556
635
521
425
441
605
572
450
483
617
555
400
492
633
577
410
481
633
627
500
489
627
645
482
470
568
632
525
489
516
663
594
463
513
633
596
409
513
680
646
452
413
613
615
477
455
586
580
491
430
598
652
522
447
539
680
581
417
520
662
590
449
496
674
639
534
570
700
698
505
489
653
693
547
508
566
672
583
500
586
662
613
508
553
695
639
493
535
679
643
474
437
619
605
445
480
581
607
469
418
551
613
481
450
539
619
511
360
544
659
575
464
484
642
568
455
478
644
614
457
489
646
641
489
403
525
664
526
475
570
643
523
445
491
620
592
459
524
589
565
461
474
636
598
443
482
606
620
477
476
584
602
459
434
544
581
515
429
523
551
521
425
495
594
502
428
467
608
573
408
420
570
538
371
365
552
606
453
366
515
573
442
400
476
534
453
377
440
543
524
401
437
569
522
359
385
574
579
427
418
570
570
427
425
538
610
443
422
532
596
498
421
516
587
561
446
495
622
548
426
444
601
586
398
450
554
618
498
470
599
618
484
464
561
581
450
469
555
641
548
445
494
590
555
426
444
607
559
416
453
596
542
439
437
591
597
445
426
531
556
443
416
489
599
517
425
448
579
564
432
464
603
541
416
446
595
561
435
431
533
559
443
428
545
545
491
443
520
586
484
403
455
550
537
438
475
592
534
397
472
579
563
429
397
552
566
438
422
561
591
450
370
521
627
522
391
520
620
535
399
438
604
567
421
440
583
594
450
461
584
596
416
433
568
613
462
430
524
579
462
449
526
631
529
421
477
597
547
395
436
588
578
446
428
629
607
447
441
555
562
426
422
556
603
463
418
513
620
518
408
492
622
538
294
465
634
600
422
448
558
560
439
445
609
598
457
439
570
627
486
429
494
603
520
441
503
628
500
402
470
618
585
428
458
628
601
434
451
572
588
446
442
571
594
475
429
542
573
475
435
523
574
521
412
496
636
567
412
475
619
600
375
433
613
600
419
361
565
604
492
442
557
627
511
402
508
608
541
442
488
596
581
424
433
635
595
432
451
615
594
413
398
564
600
447
434
563
619
490
428
540
640
499
401
500
627
570
412
426
618
603
432
450
629
591
433
422
566
611
447
416
561
551
463
448
576
629
521
433
520
638
554
417
459
646
596
405
455
649
611
441
448
607
602
424
407
555
590
455
446
561
630
496
399
514
605
545
437
469
650
590
423
459
627
612
413
385
607
595
434
414
573
611
452
401
563
625
467
416
536
619
509
394
491
619
560
412
457
609
603
407
428
596
572
388
432
602
623
443
418
578
626
475
406
543
655
483
366
471
620
554
401
466
622
566
386
440
627
600
347
424
616
622
403
358
493
488
370
266
400
453
311
246
352
480
388
215
316
530
483
308
363
547
528
371
405
601
607
413
423
610
651
514
471
586
679
545
443
554
685
603
442
539
719
648
472
501
684
657
468
506
699
669
484
513
667
685
510
490
643
704
555
463
586
682
569
445
513
695
625
428
503
669
578
449
511
693
674
472
467
645
650
465
456
603
677
522
459
581
672
524
445
542
679
551
408
482
619
622
439
521
715
682
508
501
642
676
467
489
643
644
513
465
584
640
535
454
521
649
553
414
502
664
609
438
469
620
542
415
457
628
631
458
448
600
638
478
415
552
585
506
409
536
647
552
424
485
635
557
398
419
578
573
419
459
621
598
424
418
585
604
425
388
551
623
491
412
513
622
522
405
488
613
516
378
472
631
592
423
430
581
564
419
423
588
597
426
398
514
563
404
371
513
612
499
417
490
608
532
408
444
613
564
400
415
592
348
417
531
472
8
322
351
500
465
333
354
483
477
346
336
483
510
379
359
478
523
417
347
446
536
444
348
417
531
472
351
391
534
519
371
398
540
515
386
386
520
525
403
395
515
545
436
372
462
571
484
384
448
558
524
425
476
618
588
448
496
651
650
492
515
671
686
567
546
697
724
620
597
703
786
666
612
708
804
737
621
678
787
760
632
645
766
749
609
609
762
760
622
614
745
751
611
578
692
740
632
569
658
724
650
556
616
734
661
529
560
705
670
509
536
681
653
504
506
645
650
483
479
592
635
514
461
569
651
551
455
534
648
580
447
494
639
602
436
458
627
616
471
479
608
624
479
456
598
621
494
442
574
655
552
476
556
654
576
470
534
661
618
470
505
641
610
474
512
639
638
480
468
571
617
477
449
577
645
521
441
559
639
545
428
460
672
614
463
468
648
622
425
460
631
630
470
471
605
614
475
438
569
623
501
425
508
622
528
431
498
640
566
439
511
640
605
423
464
622
609
469
479
626
626
465
454
599
635
495
455
575
649
527
446
537
657
575
424
489
632
586
430
446
615
579
423
451
614
600
452
443
579
615
459
422
550
594
476
414
504
626
540
436
490
603
505
375
446
607
581
397
458
608
599
450
440
570
606
459
448
562
621
480
428
528
634
556
398
455
567
530
394
429
594
555
411
421
593
591
432
437
574
587
441
424
549
584
448
396
518
606
485
405
486
590
521
391
445
591
553
405
427
600
573
418
429
588
583
424
418
562
587
435
412
526
626
514
398
493
604
526
418
461
619
569
426
464
630
566
401
463
617
590
444
443
588
601
440
403
559
623
483
412
534
614
526
399
483
628
572
405
452
620
579
417
450
611
580
409
430
601
601
446
410
539
603
475
416
537
614
487
406
485
610
531
396
454
601
563
411
436
603
585
428
429
577
597
434
398
542
562
435
410
545
618
487
400
505
621
509
390
454
612
572
408
446
616
581
411
420
586
588
429
425
580
590
434
420
544
613
471
399
505
626
512
386
464
610
547
378
425
603
562
399
434
578
555
384
407
557
578
409
382
470
509
367
267
405
495
368
251
331
458
383
249
308
474
456
323
363
530
513
357
376
559
581
423
425
568
602
475
431
558
638
538
435
525
642
542
415
512
671
620
463
483
643
616
466
484
671
660
478
467
617
647
494
450
592
665
537
444
540
648
551
448
509
653
605
456
508
679
595
448
432
573
590
435
443
607
629
473
471
591
611
515
470
568
616
474
396
501
617
556
466
520
656
566
404
460
680
661
430
450
629
567
425
391
495
519
412
313
429
503
368
280
376
396
296
142
210
350
291
122
154
352
279
115
160
336
305
147
163
308
387
270
249
372
431
359
308
418
521
463
348
433
594
544
389
461
605
559
488
571
620
585
483
512
715
720
517
463
616
709
596
507
650
739
650
567
623
727
655
515
568
715
696
527
542
646
700
618
549
650
675
578
506
599
632
533
492
598
656
576
516
592
661
579
505
572
710
639
498
560
665
621
518
558
643
635
488
477
571
626
549
502
590
636
552
501
544
637
603
493
489
588
542
452
496
574
563
448
459
587
595
464
474
571
537
443
453
562
557
512
439
534
606
512
447
508
573
561
432
455
569
540
426
444
594
581
454
438
574
598
504
487
527
553
453
417
521
613
532
432
483
570
507
387
431
578
584
433
480
569
551
444
461
630
597
424
429
554
564
447
448
516
586
506
441
510
595
557
462
505
622
541
388
442
582
566
434
404
561
586
483
453
505
555
440
422
551
602
483
384
475
572
515
422
466
615
558
383
435
598
571
430
447
595
560
374
404
562
602
483
433
503
547
453
445
536
605
514
433
467
570
523
437
497
603
560
439
472
624
583
431
431
575
605
466
430
543
593
481
428
535
609
525
432
510
636
586
443
483
564
548
440
487
594
555
445
493
624
558
455
514
641
554
435
474
595
607
469
494
599
617
460
496
630
591
439
0
433
593
627
533
452
493
624
558
455
514
641
554
435
474
595
607
469
494
599
617
460
496
630
591
439
384
520
585
415
411
484
613
485
370
507
624
507
374
499
654
591
454
494
587
579
505
535
671
665
482
522
669
678
556
491
606
690
599
484
583
676
616
482
565
712
621
454
529
722
682
506
523
615
643
530
474
620
678
538
485
578
591
531
461
570
657
533
470
517
641
592
452
491
622
560
423
481
635
610
432
450
617
641
503
487
572
569
498
450
528
609
521
394
450
640
573
450
473
629
605
459
463
616
632
494
484
597
635
485
448
626
665
524
452
558
647
518
425
542
655
509
452
514
646
596
424
451
631
621
457
423
608
619
461
453
574
627
495
456
543
590
517
429
530
633
496
438
492
640
568
436
420
628
608
434
445
587
579
406
396
574
593
422
409
531
607
483
388
524
625
520
382
442
595
542
425
467
603
546
377
454
557
577
424
439
574
565
423
426
519
588
494
427
515
591
466
393
473
559
515
391
424
619
581
435
418
565
545
409
461
597
589
440
421
508
583
488
416
531
574
501
411
493
600
541
418
467
579
556
388
465
600
594
448
420
568
572
439
436
556
568
452
406
481
600
504
410
509
606
514
390
489
576
552
405
448
625
588
431
443
553
557
450
449
569
597
455
401
499
603
498
384
529
622
534
421
479
547
540
430
467
607
552
404
436
574
540
379
429
600
606
455
421
538
520
464
434
528
578
481
403
498
581
502
412
471
608
507
428
446
605
574
409
402
530
585
453
439
546
560
469
427
529
598
481
390
486
615
493
412
483
609
554
397
452
566
572
435
411
544
587
474
459
584
621
483
433
505
636
519
452
511
625
551
440
497
604
541
436
455
634
579
444
425
612
621
459
441
569
565
405
407
549
615
494
418
510
584
545
451
505
627
545
413
450
586
568
436
481
620
590
416
431
580
592
420
440
555
610
464
434
505
594
518
434
495
589
544
429
484
604
546
398
463
623
594
429
456
582
568
440
430
548
597
464
418
518
576
500
435
510
608
547
445
509
593
559
410
425
561
504
339
384
530
487
347
414
557
573
427
372
519
557
485
405
497
604
511
397
479
608
528
399
454
570
575
428
422
569
574
411
418
553
566
424
393
505
566
476
410
478
587
509
423
489
594
519
402
412
603
571
416
444
584
548
388
424
584
587
434
430
513
587
467
418
523
596
471
365
495
604
528
404
436
613
559
425
447
565
557
407
447
594
572
396
417
570
562
461
444
522
583
522
457
533
624
535
403
462
590
536
412
467
608
585
416
393
606
599
430
423
575
582
440
417
558
620
489
403
491
616
534
422
482
606
534
399
428
606
585
420
421
607
598
417
435
570
588
446
428
550
603
477
411
507
623
520
428
505
615
519
446
492
621
561
397
462
639
624
453
448
575
592
433
440
553
603
484
448
534
558
479
450
510
626
534
432
500
633
571
419
446
594
583
436
459
583
591
437
402
552
574
458
415
516
589
482
410
499
595
502
404
451
580
559
403
451
607
577
412
438
554
586
427
451
573
580
415
436
545
594
495
407
513
607
496
406
485
616
559
424
455
576
551
410
486
643
597
429
446
582
532
425
343
441
500
369
292
391
427
318
265
344
456
422
308
361
519
499
368
399
548
552
450
464
597
610
443
425
594
656
536
492
586
620
522
447
556
648
581
467
528
651
593
457
475
641
632
478
490
622
633
483
476
595
612
449
457
595
653
529
452
494
608
553
448
511
629
565
387
480
635
596
437
467
605
571
433
464
620
595
446
394
515
574
454
388
462
540
489
403
474
586
528
393
403
606
577
417
452
589
571
377
434
587
594
438
409
528
565
487
438
535
605
488
386
499
612
514
392
469
609
554
408
440
594
576
432
440
584
519
607
7
391
264
246
375
402
287
292
424
406
342
349
457
512
377
320
398
543
481
414
424
538
566
452
519
607
569
388
362
551
609
412
490
617
610
502
433
570
615
475
367
441
601
508
350
373
496
476
330
427
524
490
355
334
455
464
327
365
465
481
337
333
427
497
361
342
413
448
403
337
388
474
445
267
310
422
408
317
331
442
489
349
328
422
443
355
350
453
485
376
323
339
431
374
313
326
380
370
286
319
432
389
277
356
464
458
347
356
496
477
343
336
406
454
342
307
360
403
309
270
327
403
371
268
314
434
417
298
363
459
448
367
392
511
512
400
418
485
469
388
403
437
434
427
345
416
479
431
351
376
449
396
306
287
428
442
364
393
466
463
359
357
462
455
361
338
438
483
407
352
436
473
389
330
420
476
469
392
431
550
508
372
409
510
500
389
442
552
570
448
409
518
563
501
433
497
570
510
432
478
586
580
483
519
616
567
447
458
553
556
456
436
542
544
429
421
528
549
448
435
490
561
503
425
502
610
549
449
490
574
523
428
472
562
555
444
450
541
543
441
434
529
538
475
452
523
568
501
455
511
590
536
441
479
594
573
483
497
579
548
429
437
553
557
446
417
528
535
454
451
552
605
522
469
514
584
523
461
484
573
543
437
449
551
530
427
458
559
541
449
467
572
571
466
452
547
574
527
482
513
584
551
495
544
693
630
564
582
747
701
606
679
756
779
558
605
730
726
703
792
829
886
741
553
713
835
705
521
670
806
706
624
699
803
708
707
749
791
774
700
783
809
779
635
623
739
823
677
663
760
785
644
630
737
756
725
588
675
772
643
517
586
710
716
652
661
723
652
547
539
638
626
594
640
651
609
485
438
577
610
542
474
606
738
605
469
484
559
645
581
503
606
534
495
507
490
505
385
404
428
466
468
347
324
574
415
261
427
508
545
438
431
526
536
455
483
521
590
511
406
482
459
421
429
519
666
436
413
543
601
511
414
531
638
558
501
572
645
585
513
585
706
629
576
560
567
683
629
616
706
802
694
690
692
782
593
518
599
704
647
521
614
674
571
463
543
629
578
431
457
696
568
406
475
605
598
445
480
481
580
495
499
585
662
465
434
476
577
544
510
495
640
587
514
506
590
574
423
428
592
568
544
532
587
581
479
486
556
636
579
502
535
562
552
434
465
650
607
493
517
596
590
454
423
509
557
397
423
530
554
500
512
562
470
299
406
393
408
390
284
339
409
365
269
281
406
340
223
211
278
244
181
240
323
303
310
327
435
443
443
361
426
506
484
342
461
521
523
477
531
604
657
584
656
836
807
691
660
766
703
535
462
534
515
441
417
479
504
454
394
431
508
457
355
379
474
451
334
336
447
471
331
355
462
468
403
372
421
427
323
307
366
383
321
319
397
468
425
359
329
406
387
309
341
461
494
389
403
464
493
411
406
459
537
434
411
555
567
491
491
535
572
537
495
521
577
592
542
574
624
593
498
501
578
592
493
464
524
556
473
433
525
566
474
394
449
516
420
379
439
546
484
381
430
514
506
383
366
520
518
448
441
527
500
421
400
490
568
483
428
501
535
475
411
483
534
471
387
465
500
483
425
439
503
519
418
475
558
514
439
461
537
525
483
451
516
564
451
398
454
514
452
357
398
486
468
397
445
548
528
432
462
592
608
455
448
487
511
411
401
517
566
456
361
449
468
389
345
428
541
514
437
477
571
475
423
440
461
541
430
363
531
548
437
414
544
577
501
446
518
592
513
435
512
609
574
466
485
576
552
406
445
543
504
412
403
460
530
426
445
570
625
507
490
620
656
561
498
504
577
544
477
487
613
564
425
455
577
556
447
481
587
609
517
505
640
626
566
484
465
576
479
416
492
600
551
357
498
663
609
494
438
567
588
571
522
576
534
427
426
565
633
551
478
539
623
481
467
505
524
5
621
534
510
535
704
693
556
478
729
813
684
477
599
678
533
520
623
682
554
549
686
731
581
452
454
604
604
428
433
551
507
343
332
461
416
309
311
446
428
190
143
356
387
210
81
267
349
250
140
289
403
379
236
192
477
531
311
277
411
438
348
404
480
482
385
294
440
506
479
471
598
690
440
348
492
682
544
394
424
587
565
422
443
657
642
385
490
620
659
481
481
636
608
495
451
536
627
498
473
665
735
571
449
464
563
488
377
467
624
559
418
453
631
667
528
399
443
528
448
425
562
560
439
358
397
435
384
286
352
459
359
238
276
368
290
126
210
414
403
236
270
453
438
345
360
493
532
430
364
468
578
477
382
454
591
520
376
331
514
537
407
524
662
472
325
344
479
529
435
391
528
570
462
408
502
566
404
384
532
605
540
413
413
589
555
415
465
581
545
455
523
610
661
494
463
561
522
428
431
595
651
508
415
446
546
493
392
442
603
531
384
474
600
571
400
412
594
598
439
373
540
553
456
390
537
600
503
388
421
590
639
570
613
601
492
405
443
523
485
327
363
531
532
398
389
530
504
486
520
613
620
464
435
495
576
445
370
386
491
420
372
434
504
403
359
434
580
598
426
336
527
577
440
397
422
406
351
389
468
652
567
501
602
691
667
617
591
678
677
578
623
721
667
543
551
632
553
412
316
383
360
291
318
465
567
514
442
549
643
660
711
812
931
909
836
848
973
947
856
897
1005
1022
890
795
819
846
762
734
767
747
652
587
702
762
661
525
527
667
640
544
589
675
632
518
519
604
624
460
455
547
601
505
451
528
591
439
455
517
566
495
399
506
640
621
425
431
583
568
416
423
574
490
419
421
513
530
422
494
572
519
345
361
458
538
471
397
435
530
503
380
439
565
578
466
475
532
528
386
347
508
539
428
407
510
535
426
422
502
552
476
443
512
588
517
416
430
493
468
394
421
559
511
382
408
514
499
424
416
535
548
437
452
501
549
469
452
469
556
493
463
480
574
479
398
460
579
631
466
390
470
607
490
534
729
682
495
584
506
395
474
442
349
543
451
372
538
660
615
518
526
625
581
458
628
703
703
479
537
670
673
502
526
598
655
602
593
658
628
517
472
639
740
648
505
517
673
652
494
545
662
692
508
612
716
700
678
646
579
591
509
452
510
564
550
479
608
606
539
442
542
605
523
435
486
609
622
483
486
576
459
322
463
588
581
460
408
570
622
479
422
519
638
557
455
523
589
568
463
525
604
579
413
483
606
572
493
478
609
552
437
412
527
644
531
416
464
520
456
413
553
577
456
321
445
610
548
412
439
589
565
484
478
604
557
446
414
546
579
459
434
557
531
517
486
606
605
500
474
522
610
543
422
575
581
588
512
529
623
615
510
473
558
573
442
427
545
552
443
434
514
602
501
502
569
620
590
446
457
545
638
514
452
531
555
472
520
613
646
488
440
534
560
484
473
541
659
565
487
553
666
537
456
444
560
568
462
514
613
577
492
521
582
514
476
493
596
611
505
450
534
573
456
378
508
584
500
422
501
656
578
430
432
551
515
422
451
582
535
399
441
584
580
449
446
531
587
535
462
502
507
510
424
523
530
517
424
463
563
518
414
447
557
547
470
449
553
556
462
485
551
530
416
421
464
562
504
478
501
545
504
443
487
590
542
400
411
511
539
463
464
563
558
433
400
536
552
427
394
502
570
497
459
495
552
516
441
474
578
511
431
467
589
563
448
470
571
601
464
472
599
599
528
505
596
621
554
483
533
641
562
469
530
597
585
494
523
629
580
455
472
572
565
445
443
564
592
499
443
537
547
506
470
561
621
550
467
522
591
544
462
456
624
606
442
516
640
600
492
485
580
594
482
468
568
589
492
484
548
610
529
494
476
604
562
500
517
583
523
427
457
557
546
408
386
567
563
396
414
526
553
452
423
523
3432
679
710
452
494
650
3
536
470
438
544
563
414
437
651
623
568
426
464
558
576
380
437
587
553
375
432
679
710
452
494
650
520536
470
438
544
563
414
437
651
623
568
426
464
558
576
380
437
587
553
375
432
679
710
452
494
650
520
335
370
586
672
493
372
417
539
544
545
594
622
582
466
437
596
528
394
516
770
581
373
475
671
592
370
557
681
742
432
346
478
584
499
520
648
562
493
419
527
707
594
396
484
705
617
448
466
534
607
469
437
575
605
443
366
557
678
490
444
461
557
489
428
411
598
580
513
548
784
691
419
334
485
576
608
471
456
470
339
381
632
598
521
534
594
529
384
332
507
741
682
415
469
680
405
296
397
671
565
421
412
629
713
490
461
581
554
539
440
460
556
532
379
474
682
585
443
442
764
694
360
371
608
673
426
365
601
593
438
452
648
752
791
474
432
556
570
416
489
683
621
470
472
622
642
492
502
669
598
411
590
619
503
445
478
650
484
359
438
626
688
588
478
553
763
442
326
510
639
510
426
526
675
541
321
436
622
589
397
422
522
530
374
451
707
600
431
453
520
517
446
324
339
577
573
539
562
629
497
262
283
609
587
401
341
538
643
571
495
604
593
495
348
503
640
512
198
375
638
591
427
463
569
490
290
461
593
495
347
475
720
681
509
377
530
649
521
330
552
522
442
454
544
602
514
163
344
650
690
431
408
557
509
318
408
638
635
505
513
619
713
506
259
464
622
478
311
505
668
666
494
511
676
568
339
461
633
608
398
397
636
689
438
474
741
592
264
350
569
548
408
355
440
567
514
401
677
946
349
171
352
634
557
347
358
541
518
371
379
538
552
322
372
776
715
373
222
404
562
398
319
419
529
413
218
334
510
493
349
332
492
441
240
274
483
518
375
377
541
622
533
459
722
817
322
324
522
698
524
316
356
539
554
444
484
574
601
578
722
714
655
387
254
415
551
393
520
569
471
318
254
391
584
493
320
424
616
573
358
388
721
745
490
470
623
354
256
352
599
657
478
451
512
558
588
521
609
684
482
274
344
646
557
351
381
568
572
366
416
640
624
404
372
598
625
506
584
776
642
441
347
449
609
521
450
589
517
373
294
413
627
573
356
400
682
624
462
416
584
681
503
278
457
586
441
316
405
482
458
346
478
630
532
475
537
548
517
441
471
587
558
284
437
644
511
380
388
530
562
454
448
542
583
358
224
362
616
594
446
426
572
503
418
399
669
717
495
517
696
537
356
453
676
775
501
438
647
705
422
371
575
675
389
197
412
573
548
388
411
495
408
281
358
602
517
356
375
708
573
390
394
635
617
320
373
421
592
448
338
426
597
651
467
415
661
500
225
303
619
621
272
318
562
561
357
341
675
864
710
392
452
499
363
359
528
672
591
463
490
710
609
282
357
635
619
387
441
642
585
484
557
780
549
283
334
551
660
487
415
522
629
505
404
462
751
882
587
297
517
547
417
406
578
618
443
417
616
644
396
376
575
649
569
543
515
594
483
394
528
801
714
245
360
616
533
384
443
609
624
446
410
554
646
536
612
858
715
443
153
301
526
429
318
489
689
595
417
492
704
666
544
690
681
474
230
264
538
571
386
441
600
643
490
435
574
635
507
417
490
563
519
454
542
615
530
314
367
476
497
337
304
492
471
396
323
471
531
345
336
503
611
439
362
460
609
482
447
535
696
702
410
351
544
602
457
457
609
569
416
467
587
565
506
368
501
608
568
471
522
572
522
404
459
635
585
417
468
630
590
466
475
601
563
432
404
532
559
444
396
560
627
470
409
529
613
507
443
540
651
558
406
439
627
544
405
407
593
526
396
418
616
583
419
379
604
656
499
436
556
676
547
381
586
702
614
490
538
696
631
429
523
702
641
452
487
663
674
482
453
574
676
522
518
607
701
556
424
574
671
589
451
4
731
687
610
672
5
613
574
481
520
659
613
451
505
641
696
563
570
654
673
576
557
663
740
615
556
626
731
687
610
672
5
613
574
481
520
659
613
451
505
641
696
563
570
654
673
576
557
663
740
615
556
626
731
687
610
672
764
672
517
622
734
713
570
590
727
687
523
533
676
701
531
548
688
724
576
522
618
648
582
527
613
693
594
448
529
693
657
458
507
674
650
489
482
646
652
512
471
589
658
521
440
594
646
530
492
559
608
559
417
446
683
619
445
506
609
605
452
503
616
604
509
509
638
661
479
434
588
593
523
431
569
635
566
469
523
623
579
433
434
616
599
455
441
628
612
433
397
582
625
460
446
576
625
485
378
507
638
530
399
465
609
557
440
426
631
568
425
465
621
604
399
423
527
550
471
443
614
630
475
419
534
581
483
385
486
591
520
379
460
650
606
419
459
596
589
415
411
592
611
405
422
582
610
449
434
543
586
469
438
533
639
545
393
454
607
565
417
479
649
566
419
416
585
547
434
440
561
626
472
433
554
554
451
398
527
643
460
389
495
634
564
398
452
644
554
383
457
577
594
404
432
613
638
415
384
579
633
473
390
474
568
550
363
499
635
575
408
462
638
580
380
461
635
579
387
420
602
614
440
399
485
654
482
407
530
622
503
384
445
593
601
446
478
652
545
338
411
613
587
407
432
566
624
397
414
602
643
449
404
539
614
515
346
488
620
542
386
440
635
552
419
448
648
599
406
418
628
555
408
409
597
605
461
411
511
596
505
420
510
631
525
370
447
649
580
392
456
631
595
412
431
597
574
365
381
572
626
453
407
565
637
472
385
471
585
448
409
514
652
577
398
440
643
601
404
427
610
604
434
437
613
567
432
428
587
635
479
402
509
642
523
407
500
636
543
373
482
660
611
403
442
587
556
390
429
612
622
428
400
566
606
450
406
538
636
470
376
498
630
547
402
467
611
546
393
445
634
573
391
422
622
590
424
405
584
549
405
442
586
642
492
396
503
597
487
420
465
602
543
389
459
622
605
409
436
594
609
417
392
600
621
456
437
586
614
478
399
505
652
530
399
457
633
570
413
463
618
569
425
456
591
553
423
447
597
615
424
395
562
639
450
374
525
626
489
397
497
634
532
406
467
640
595
399
427
585
535
418
449
585
612
452
430
609
639
459
406
501
600
490
378
474
651
573
393
456
599
566
393
438
618
596
423
451
611
585
377
435
556
604
479
426
564
580
468
410
525
646
545
403
478
634
579
414
458
633
597
360
409
623
613
468
449
592
625
466
431
563
607
480
398
478
628
536
403
494
546
519
420
496
653
581
422
458
565
597
445
436
599
588
451
422
531
606
460
434
533
594
505
399
464
623
565
418
453
606
545
417
444
640
606
426
425
593
597
445
447
556
580
472
450
520
600
491
390
522
632
537
413
452
600
582
438
474
611
594
411
428
588
600
457
434
548
597
500
450
551
581
481
416
531
623
528
423
494
614
562
400
431
602
533
419
447
597
603
462
465
576
573
435
372
550
618
511
422
493
597
542
433
488
605
555
439
421
589
570
415
474
611
593
437
437
596
610
473
426
549
610
460
399
548
632
535
448
521
608
512
415
470
574
562
434
417
599
602
452
460
602
567
431
465
590
617
449
433
550
626
500
392
483
624
556
424
488
614
549
401
450
592
541
402
463
605
593
433
434
552
579
458
382
552
642
507
434
481
600
525
419
475
600
543
418
453
609
551
412
422
603
603
442
433
545
599
444
388
560
616
503
370
494
613
549
394
517
629
573
427
468
595
563
418
451
608
600
432
437
572
563
421
438
557
603
476
403
528
577
528
454
499
609
539
429
471
569
541
451
446
512
504
402
415
513
504
432
427
536
557
478
434
492
581
494
406
486
567
560
439
474
594
562
457
464
516
527
435
459
590
578
397
445
568
533
494
402
458
588
543
444
476
6
544
502
388
464
604
566
376
388
551
606
459
429
529
599
481
464
499
533
494
402
458
588
543
444
476
598
518
388
416
617
592
435
398
548
560
437
448
560
614
462
410
511
580
508
420
476
583
541
456
503
621
590
409
441
585
562
489
479
590
583
455
439
562
606
481
461
577
614
522
473
535
633
510
418
476
602
544
409
493
614
560
435
479
576
587
474
434
552
570
418
435
554
605
484
439
529
616
533
439
455
591
561
448
468
563
585
428
459
592
579
425
451
578
579
440
458
557
635
494
402
494
630
551
419
427
549
496
357
429
576
546
408
479
600
600
478
476
612
576
450
386
541
610
461
381
478
587
541
444
500
609
537
421
481
668
610
414
434
569
546
434
468
635
628
466
456
583
665
459
370
494
587
499
429
501
600
547
476
500
582
571
471
455
550
561
458
455
576
562
424
482
582
585
476
436
539
600
505
417
507
585
529
430
460
526
471
332
326
436
418
300
315
413
418
301
311
400
432
322
327
475
499
326
286
398
504
408
310
382
541
554
415
407
595
588
479
518
711
612
421
454
621
645
478
469
577
651
551
497
593
734
596
512
598
663
592
500
552
699
669
459
503
664
668
508
563
661
635
442
431
600
652
522
483
584
678
587
483
550
641
564
448
511
667
615
478
450
607
578
437
500
616
624
492
484
567
592
479
463
588
613
516
408
496
614
585
446
480
616
584
448
470
576
559
440
455
579
612
495
509
608
613
464
441
574
656
510
425
508
653
592
457
488
616
555
435
530
638
590
431
468
626
564
431
443
586
556
429
410
553
626
496
416
516
639
567
434
502
616
526
393
419
611
571
408
428
578
587
428
438
592
593
437
426
549
586
455
407
526
636
525
415
491
632
554
388
420
579
547
389
430
580
588
441
449
584
608
466
476
578
595
434
384
490
589
494
399
489
596
561
413
493
646
585
427
447
562
557
422
447
595
602
444
428
553
638
521
434
477
580
505
435
473
602
547
414
484
651
636
441
428
614
606
453
419
588
613
432
432
568
604
489
430
539
635
524
423
504
601
547
423
492
629
599
471
470
621
607
446
441
595
604
460
480
624
635
481
452
523
604
508
421
505
634
551
444
500
630
602
452
505
673
640
445
414
591
618
461
462
555
603
468
383
501
599
449
388
483
601
511
431
482
604
567
451
454
618
597
464
486
648
640
492
515
658
657
507
475
604
639
514
463
561
653
547
450
522
674
608
470
512
664
634
504
533
630
574
428
472
637
666
483
419
549
593
491
435
551
614
530
413
502
628
576
440
449
605
613
463
414
551
541
423
370
501
537
429
422
498
548
474
419
492
570
485
383
442
554
480
360
434
586
551
380
421
534
553
448
462
553
526
407
420
528
511
418
394
487
540
415
375
495
595
560
442
474
595
551
413
412
569
533
429
461
624
610
468
445
570
573
474
394
520
566
430
366
527
642
437
319
415
534
428
309
388
491
485
272
278
480
470
311
283
401
452
300
282
407
433
342
258
389
493
384
273
335
501
470
344
331
518
526
334
405
517
531
326
367
593
569
338
345
540
580
454
432
537
554
558
391
569
685
555
409
412
547
539
423
471
581
591
377
460
588
616
464
394
516
569
427
362
485
570
484
395
518
668
594
438
459
653
620
335
347
536
542
445
480
658
655
468
411
609
626
502
446
622
674
553
459
565
673
561
478
519
651
535
473
530
656
625
491
486
625
656
495
508
638
645
532
493
561
639
541
474
547
638
584
479
546
657
614
434
515
705
642
389
418
607
644
480
462
582
624
534
498
607
672
530
478
582
702
610
502
487
689
681
394
425
627
532
339
382
552
567
442
475
643
610
490
473
584
633
491
425
539
640
545
416
526
660
635
509
504
575
538
398
448
640
601
430
457
611
606
485
492
567
586
437
410
568
5
627
553
430
492
667
609
445
476
577
583
3
448
451
550
560
448
447
548
555
475
442
540
568
511
444
515
627
553
430
492
667
609
445
476
577
583
462
494
595
608
447
456
589
568
449
420
514
539
466
405
466
602
497
419
476
587
534
353
439
580
571
392
412
594
589
453
415
582
580
491
477
578
584
446
405
519
569
557
456
498
609
527
427
458
570
502
402
433
561
548
399
428
530
559
394
378
469
540
418
364
459
505
438
380
474
561
486
379
434
574
516
397
408
575
575
408
363
507
515
425
433
497
514
461
401
496
580
521
434
493
543
540
416
497
604
569
458
466
607
583
448
507
617
534
474
544
625
629
542
502
569
619
549
470
571
634
560
446
553
669
614
528
549
640
565
467
487
622
586
456
468
553
526
417
471
537
553
476
472
529
623
570
486
528
614
579
513
563
640
618
517
555
636
568
482
561
600
599
527
512
538
581
493
429
501
535
465
401
451
499
341
235
306
393
341
227
214
288
303
198
237
336
395
318
326
406
472
374
347
456
537
484
415
390
593
544
463
518
622
574
424
462
625
624
506
531
603
622
536
515
629
642
574
534
607
640
594
554
624
704
639
521
516
611
626
538
563
656
638
542
537
633
600
539
553
606
639
512
484
591
598
515
474
538
561
536
458
522
624
548
448
463
592
559
397
464
558
567
474
463
575
590
481
472
500
580
528
506
559
523
532
508
538
605
546
470
488
600
559
417
458
605
583
461
415
581
557
486
454
552
581
484
407
530
586
512
429
481
553
513
400
404
511
521
427
441
575
556
437
448
587
538
406
444
566
548
506
458
529
550
520
469
514
593
538
447
462
569
514
445
481
593
552
442
459
578
614
492
482
587
528
476
468
501
585
482
433
511
569
513
368
480
572
508
395
458
590
566
467
460
537
536
422
408
529
521
386
443
520
543
449
412
504
549
490
376
462
585
550
470
457
631
602
509
552
646
574
537
578
648
640
531
522
608
667
573
535
590
610
558
553
596
691
606
481
517
644
508
422
530
630
575
442
480
572
596
444
398
452
517
440
348
390
442
350
292
319
378
283
208
294
368
273
258
277
448
410
320
307
440
470
395
312
406
507
445
448
553
632
499
436
484
624
647
561
560
621
617
531
562
671
692
533
578
725
688
646
632
622
608
577
558
648
634
526
510
580
648
569
545
581
630
587
483
546
662
649
551
539
631
585
597
601
650
614
521
538
597
644
560
502
516
578
551
503
557
594
554
503
543
604
567
455
482
585
565
456
459
545
539
379
406
533
521
470
475
539
523
489
451
436
548
540
444
521
599
514
373
418
538
548
408
445
537
544
511
522
522
470
352
358
484
567
401
292
369
465
468
426
496
559
543
471
527
677
673
570
586
687
712
630
591
653
670
616
631
717
655
572
517
637
673
625
556
538
643
629
527
552
633
613
520
525
587
549
461
468
578
598
524
516
608
659
621
543
592
657
647
551
582
658
662
560
547
647
627
513
506
593
564
463
435
549
548
465
467
504
522
453
425
493
485
446
425
491
564
508
442
453
532
551
465
480
567
573
475
497
576
568
539
533
624
633
547
523
582
659
602
543
593
648
612
547
594
652
645
540
499
595
602
466
471
536
530
447
425
521
516
415
398
444
515
473
400
446
509
463
374
453
559
502
443
512
594
533
479
468
554
547
494
493
556
552
489
485
546
600
551
482
515
534
474
474
517
572
506
413
493
628
580
452
454
545
495
433
461
537
510
346
426
544
575
482
415
517
554
490
405
523
612
513
447
462
572
526
401
453
513
510
429
450
550
588
465
389
497
540
419
400
470
513
424
441
521
595
520
417
479
571
540
424
463
547
552
485
491
621
617
485
547
644
673
579
549
617
694
629
553
613
670
662
584
652
743
681
565
598
693
660
499
537
641
647
506
505
605
612
490
454
522
584
2596
617
455
469
567
595
461
468
532
636
505
1
419
579
514
421
396
512
578
469
389
484
628
547
391
453
596
617
455
469
567
595
461
468
532
636
505
434
548
644
532
402
548
647
537
432
515
646
617
516
484
529
507
420
363
533
555
433
454
529
535
435
370
471
594
490
353
391
579
586
403
470
579
506
378
432
509
463
416
452
552
577
437
316
496
539
492
414
539
574
496
415
479
542
392
428
499
563
524
433
413
567
559
451
463
571
571
473
451
585
578
403
473
626
646
512
452
430
655
566
497
576
646
546
461
503
622
528
461
523
604
604
423
447
621
616
496
432
555
599
453
369
428
570
531
431
511
597
511
418
473
629
560
392
441
586
531
408
426
559
530
435
432
506
550
480
448
516
579
510
410
504
586
526
378
515
645
604
476
463
540
612
507
513
580
593
520
503
600
608
490
460
559
616
523
490
542
615
582
494
462
526
549
455
511
616
554
492
480
542
500
420
500
591
540
389
416
484
519
425
403
495
515
474
430
440
509
439
360
426
555
526
389
458
597
569
462
483
557
546
482
476
531
585
472
475
586
628
542
488
527
619
598
495
540
626
570
488
479
577
610
513
477
567
594
530
473
541
570
486
460
565
612
516
483
576
620
551
441
482
615
474
453
495
635
600
467
461
586
523
467
470
597
624
495
445
534
597
528
467
517
598
497
408
535
641
579
432
462
607
584
481
457
578
546
437
443
545
561
422
435
579
594
436
380
505
654
511
385
441
548
487
345
434
579
524
415
385
556
534
464
492
666
626
422
421
505
591
478
471
548
571
507
406
481
638
538
427
460
551
522
441
456
552
524
435
454
588
534
435
393
500
531
422
410
501
566
471
377
473
585
533
419
495
575
561
457
476
567
585
477
470
581
561
449
464
542
503
461
478
548
566
448
367
506
610
516
395
438
492
433
316
315
406
409
295
294
385
451
309
295
404
474
328
289
447
479
400
371
416
495
414
435
523
618
568
475
509
574
554
408
512
621
654
544
502
580
651
457
466
581
664
571
484
518
627
579
400
589
710
637
508
516
614
570
463
500
631
617
506
486
612
607
524
432
574
623
471
493
596
656
529
453
463
592
554
423
484
642
608
487
469
613
600
452
466
546
591
502
497
534
575
498
490
527
563
446
460
544
644
553
464
496
631
489
424
463
630
620
456
442
578
587
425
459
597
579
493
498
537
612
519
464
542
617
496
406
491
578
559
452
512
654
597
435
448
545
556
444
510
631
613
482
433
563
585
532
468
565
626
538
422
425
591
516
410
444
615
562
449
468
617
582
421
401
601
619
462
457
548
597
500
420
439
577
555
486
507
576
525
428
472
570
524
443
487
583
545
421
409
605
615
447
452
545
580
458
433
528
603
487
387
508
612
555
438
467
615
576
428
443
565
539
374
450
593
576
483
460
531
534
475
442
528
586
519
448
500
580
504
401
457
600
544
390
483
610
585
442
472
590
583
436
432
569
584
475
464
542
600
506
454
544
579
519
449
485
588
542
445
489
610
557
437
429
573
565
466
428
589
575
457
459
558
622
519
385
536
596
522
437
461
608
557
449
454
620
590
461
471
578
597
460
463
576
606
507
422
534
562
450
465
548
616
506
456
523
608
557
451
467
577
559
454
476
588
564
440
440
540
581
457
447
549
602
491
453
551
615
490
421
482
575
519
436
473
593
560
434
432
558
546
428
453
602
587
447
439
542
570
496
458
452
453
459
539
638
676
510
390
516
641
537
362
398
513
580
435
448
592
654
501
299
480
537
476
399
556
559
467
329
490
611
593
536
531
624
522
455
442
656
627
521
553
612
575
483
419
627
648
546
500
520
471
439
482
576
625
530
428
399
556
609
484
485
589
545
436
489
605
616
494
456
547
515
443
433
518
594
406
402
542
606
530
423
460
567
512
351
4
704
646
386
4
397
671
638
339
374
654
697
407
360
594
665
377
318
538
681
514
361
504
688
542
332
441
704
646
386
435
682
559
286
337
662
671
399
369
657
712
441
347
619
737
536
382
528
689
505
342
516
765
585
309
395
649
601
390
500
784
657
317
308
603
623
326
217
569
719
455
372
512
739
484
255
332
577
522
233
366
671
632
330
422
722
652
373
404
641
715
451
410
658
766
532
430
623
764
590
402
539
817
658
378
504
790
723
479
505
778
786
463
467
754
713
385
420
677
782
514
422
574
715
516
409
513
762
566
199
432
707
655
376
460
614
608
368
438
695
678
457
425
634
572
430
362
587
657
405
316
553
779
665
356
441
631
571
354
458
712
692
389
393
641
662
426
418
701
695
407
373
584
684
466
355
521
716
532
340
460
714
593
327
418
687
632
340
385
671
599
353
362
657
702
383
331
588
704
478
356
523
701
505
282
436
684
584
343
422
709
628
303
340
669
652
343
390
661
621
321
286
593
606
331
240
423
540
321
129
300
474
349
152
246
487
461
195
276
579
491
260
305
590
578
332
355
633
666
412
366
656
720
487
374
577
753
567
350
531
775
634
380
467
741
706
433
438
765
724
397
418
723
730
448
409
689
772
498
420
631
767
583
376
529
778
646
392
512
752
644
383
481
777
694
391
435
680
712
448
405
646
726
459
351
582
746
529
352
549
739
566
390
494
757
634
314
470
781
708
405
432
723
698
370
399
703
739
495
399
603
726
483
319
529
745
593
404
475
725
606
365
441
725
612
342
379
700
688
402
376
643
697
388
275
612
723
482
366
544
606
516
355
552
733
599
292
397
705
630
351
397
675
640
345
357
656
649
356
350
611
685
402
317
528
698
510
348
493
727
540
329
428
706
613
327
363
705
637
352
361
639
687
400
362
620
672
349
352
605
737
500
312
449
689
590
334
450
720
625
344
421
700
617
361
405
672
683
401
387
636
689
424
363
593
721
497
340
497
697
541
321
451
722
611
314
416
705
591
324
387
686
654
382
360
649
672
396
360
585
682
441
327
536
711
521
334
433
698
592
335
426
698
612
307
393
684
693
391
392
670
680
391
347
560
674
447
351
566
699
487
303
493
713
587
346
449
730
626
328
400
666
646
367
413
691
674
385
365
632
700
443
386
586
670
520
334
519
709
565
336
449
665
588
380
476
753
650
370
377
693
720
433
347
606
665
423
363
613
708
437
303
514
686
511
299
415
681
578
320
395
685
589
277
376
676
657
329
309
589
653
370
335
575
652
435
351
518
671
488
300
454
696
566
318
412
644
603
336
390
686
594
323
378
668
658
373
318
615
676
431
330
533
661
397
309
479
670
525
310
395
661
531
292
377
652
527
286
322
592
522
308
327
571
606
382
278
509
648
433
285
476
636
457
272
363
657
530
323
427
679
652
402
430
702
660
357
358
581
620
358
325
606
668
391
247
467
652
513
372
536
771
693
490
605
889
885
638
681
900
889
586
528
714
716
396
324
452
511
248
90
181
241
0
0
38
144
0
0
0
0
0
0
0
0
0
0
0
0
0
0
0
0
0
0
0
0
0
0
0
0
0
0
0
0
0
0
0
0
0
0
0
0
0
0
0
0
181
234
35
74
327
501
389
285
504
673
542
401
532
734
606
408
480
775
745
498
493
800
775
508
482
591
587
295
173
402
580
428
395
643
684
505
336
433
583
425
124
130
278
118
0
2
143
97
0
80
436
532
320
265
525
636
448
433
683
842
682
607
797
975
879
773
862
1023
987
831
900
1023
1023
840
807
926
893
928
962
991
839
601
503
662
742
711
638
682
744
646
596
730
954
898
770
812
1023
1004
970
1023
1023
997
777
693
861
998
876
835
954
1023
893
785
883
959
816
734
770
838
749
646
648
742
719
572
542
745
717
559
549
641
697
587
556
640
711
606
558
686
760
628
593
688
836
782
641
695
854
806
658
735
808
828
632
647
847
7572444
404
559
601
468
431
522
611
523
380
425
640
566
402
445
615
569
392
404
549
588
415
431
545
585
440
381
526
634
493
403
550
627
533
445
486
686
641
496
544
692
641
429
469
690
687
506
509
651
639
477
504
665
692
540
439
542
677
571
495
557
680
561
421
513
643
562
450
514
615
625
471
471
631
626
393
463
626
653
506
454
551
654
527
423
467
594
543
440
525
652
580
422
461
609
565
385
445
627
588
415
446
574
590
443
386
582
644
490
387
489
628
528
424
501
613
553
362
443
642
591
417
443
621
588
402
449
628
630
460
433
582
633
495
376
531
625
511
423
505
641
567
422
471
600
572
398
457
625
572
412
448
604
599
408
423
555
610
464
386
529
631
507
406
448
585
549
413
490
633
564
401
420
592
588
413
412
587
608
421
394
597
615
461
420
553
607
417
399
525
624
508
400
485
633
547
379
401
608
583
423
444
583
586
445
448
594
646
465
423
549
620
425
427
546
643
534
419
510
633
563
407
482
632
602
428
429
615
595
435
448
580
580
456
416
572
637
502
411
535
609
517
387
496
642
554
385
452
610
523
429
450
624
589
426
446
586
563
428
420
583
631
482
399
528
582
492
414
523
629
542
410
461
589
552
407
439
617
609
423
438
589
619
417
411
588
619
475
370
539
660
533
402
460
568
449
365
409
508
447
217
301
457
405
218
184
312
351
180
264
386
356
199
182
301
363
271
283
348
343
236
160
272
483
444
296
383
528
528
335
415
610
612
435
485
663
680
544
518
675
712
575
547
636
728
625
524
634
755
684
535
589
720
654
514
581
732
709
539
529
692
609
482
521
679
672
502
520
611
658
549
451
549
687
578
410
480
665
600
429
481
640
596
416
439
616
605
434
435
556
612
456
398
533
579
430
412
524
645
524
378
418
619
557
420
441
569
558
397
433
646
616
417
405
560
612
457
416
581
607
508
381
554
663
554
447
533
655
618
484
523
658
618
457
519
659
621
442
495
675
662
476
419
583
632
509
473
597
661
544
451
528
590
532
392
499
678
589
419
428
616
544
420
437
589
606
433
384
576
591
439
409
522
615
496
413
524
614
451
394
496
645
567
399
425
565
615
410
430
614
619
412
383
506
620
468
417
569
615
490
417
513
619
487
396
466
645
556
394
425
619
588
346
413
605
604
409
384
602
612
442
430
553
617
466
357
486
633
472
395
502
643
541
306
408
635
571
427
406
598
596
380
434
581
608
418
402
531
589
480
427
556
622
500
382
421
592
537
393
464
617
575
433
430
595
570
403
435
598
534
432
414
622
624
460
404
521
642
471
403
510
655
549
390
399
642
528
378
464
623
588
409
443
615
541
418
392
551
608
460
393
560
611
456
401
496
610
516
421
491
610
544
413
424
612
536
396
411
629
621
432
381
477
626
471
428
560
599
458
360
500
645
548
389
460
609
528
344
436
662
577
410
435
598
605
418
404
596
616
430
411
548
635
475
362
546
658
468
416
474
621
570
401
367
666
643
425
463
583
645
443
445
624
623
441
363
576
617
449
386
454
597
503
416
503
620
534
388
450
593
578
449
462
644
567
410
438
583
596
396
416
574
584
485
417
535
633
506
356
509
618
553
385
462
607
601
380
450
594
578
399
421
587
625
416
410
581
634
471
430
538
622
452
392
524
574
505
413
458
585
474
318
354
488
495
271
276
380
439
283
263
442
409
235
245
395
438
304
230
298
454
408
333
435
575
454
331
382
619
549
384
387
559
596
445
440
584
606
440
460
619
705
486
433
562
687
492
425
536
645
560
432
548
713
613
437
480
625
591
457
471
640
633
459
440
628
619
490
456
589
679
542
438
546
571
497
468
550
701
623
380
443
626
593
444
450
640
614
419
414
624
677
503
365
473
585
500
406
530
628
532
430
479
616
570
423
454
572
593
480
460
590
821
501
762
625
367
508
771
633
341
7
273
602
547
197
191
489
567
269
272
550
634
405
317
562
710
498
321
501
762
625
367
508
771
633
341
452
728
648
323
404
747
728
396
364
686
747
383
363
609
744
499
348
562
763
557
297
463
704
601
347
458
747
699
276
365
715
693
353
361
629
658
402
318
575
686
470
362
529
691
491
333
422
697
605
345
434
703
624
334
345
673
698
375
374
678
690
395
317
590
705
459
327
561
696
534
369
488
651
532
364
455
726
624
365
412
659
651
348
340
656
667
387
326
621
724
452
336
592
708
437
300
513
735
575
317
385
710
629
332
389
695
567
335
382
681
705
379
349
614
675
350
307
566
713
468
335
528
724
489
243
444
719
598
312
382
696
623
300
387
691
655
341
334
653
689
375
310
591
706
440
313
524
720
502
270
444
737
602
340
445
715
627
289
356
658
674
390
354
669
701
400
350
630
717
435
309
524
728
499
322
501
731
563
256
426
765
638
349
381
678
668
364
380
676
674
371
342
596
691
458
343
567
710
491
279
502
725
577
311
438
733
617
272
384
713
676
323
380
669
654
340
308
644
694
396
326
543
657
469
323
511
714
554
313
444
713
561
310
403
663
652
360
390
672
648
357
317
651
720
403
339
591
728
474
339
519
690
498
295
449
718
604
324
408
698
609
304
356
678
659
361
359
610
669
388
345
587
706
447
316
527
714
517
302
436
699
591
336
421
706
643
308
343
679
674
355
364
623
632
362
344
633
719
457
334
541
711
499
308
458
690
553
346
448
710
620
316
365
643
628
314
369
670
658
365
332
575
650
407
324
560
722
502
323
493
702
553
321
464
731
623
307
403
710
659
318
384
680
729
390
368
619
689
439
367
604
730
524
377
541
706
481
310
443
744
611
290
388
775
674
334
420
691
634
311
370
649
677
427
363
562
684
478
386
628
699
495
321
471
734
548
336
502
722
618
296
411
692
606
298
342
733
700
336
299
602
723
420
329
572
753
506
356
515
681
502
304
445
756
699
312
345
633
636
353
376
721
692
389
382
665
709
452
391
555
684
474
326
478
702
569
257
475
760
668
398
321
649
598
289
329
644
682
306
305
562
607
413
345
465
588
511
316
449
596
479
251
352
655
428
117
282
586
515
263
280
532
498
226
255
634
709
425
333
568
664
449
427
571
700
590
381
495
717
646
390
483
776
663
323
428
762
668
333
360
679
700
375
351
615
710
470
370
518
705
545
296
445
685
584
402
439
693
659
351
413
652
624
320
396
673
715
379
322
565
725
427
304
529
680
492
310
498
702
527
234
396
740
695
350
419
665
593
321
358
689
630
364
362
630
706
446
335
556
688
533
366
519
701
572
235
384
715
589
305
411
707
654
343
377
653
570
311
378
606
651
313
310
635
700
397
257
502
687
533
321
445
632
582
342
400
759
601
311
412
724
744
383
303
654
777
386
306
635
759
494
347
495
704
488
356
529
796
649
319
449
688
693
326
429
760
726
348
343
594
661
403
375
622
664
481
347
580
697
442
336
508
701
503
365
457
735
617
245
390
714
643
306
331
630
663
399
353
646
644
370
244
536
739
485
325
508
712
486
288
466
713
589
339
437
724
616
309
369
592
688
388
357
623
696
393
316
608
777
455
321
505
724
559
342
433
704
613
342
420
708
625
307
372
665
662
379
373
643
653
387
336
632
740
441
345
548
670
483
312
472
722
572
292
424
744
636
346
394
688
640
353
346
682
723
422
319
584
706
423
323
524
710
496
282
472
734
499
309
453
737
637
310
392
696
688
383
346
680
665
377
335
625
675
370
315
535
695
491
324
481
699
545
322
434
697
598
309
361
692
680
366
376
611
649
322
319
612
682
388
367
590
699
464
326
517
707
544
306
401
690
622
322
390
659
636
340
370
714
648
294
365
703
706
426
254
481
659
635
470
469
649
662
468
449
594
648
495
436
576
668
523
406
531
675
589
430
486
660
602
392
447
631
614
430
438
607
604
422
395
550
565
447
416
552
630
500
398
504
642
533
385
478
648
604
444
474
621
595
427
442
619
623
455
436
592
619
379
427
581
660
533
446
538
654
537
398
497
672
625
439
470
642
605
401
439
625
618
443
454
615
639
477
438
569
644
495
393
511
618
515
407
475
624
582
431
462
615
574
394
410
610
605
434
436
583
604
443
418
562
623
490
418
532
630
513
406
508
638
562
408
473
647
617
411
434
636
610
440
442
614
620
467
466
628
676
501
427
520
619
493
380
476
617
532
385
450
628
559
386
426
606
580
383
400
562
580
412
395
528
608
461
408
530
607
487
403
500
616
535
374
464
626
584
406
442
633
591
412
428
609
607
427
413
574
604
447
404
533
614
484
397
460
614
525
394
475
633
578
417
457
617
580
407
427
603
596
428
427
585
603
444
416
548
621
477
416
520
607
504
394
477
617
543
415
475
652
600
402
423
598
587
401
413
584
602
438
414
569
609
461
404
533
627
517
399
495
655
609
457
501
650
578
358
363
545
534
359
377
560
570
404
392
545
593
447
383
512
605
487
387
471
609
542
394
452
614
571
405
451
616
588
417
425
597
600
418
420
584
625
475
421
545
622
504
406
510
634
539
397
462
624
571
397
435
622
603
422
433
597
599
419
414
569
581
440
420
547
624
491
407
508
619
523
407
475
628
564
408
449
621
593
412
438
607
593
419
425
577
613
447
416
565
624
483
410
519
630
520
396
458
614
567
404
451
632
600
426
460
671
691
495
468
592
555
355
326
493
556
445
396
538
655
548
440
544
684
590
404
439
589
525
334
361
548
532
356
374
555
575
412
390
547
598
445
392
526
616
491
396
496
625
544
374
460
643
596
411
443
626
592
407
408
597
607
437
421
574
612
453
415
545
632
500
417
518
628
531
395
454
623
556
400
446
629
596
417
436
601
603
426
429
595
614
452
411
541
615
492
409
522
627
527
403
482
637
570
408
447
623
589
404
419
605
606
443
446
617
646
500
493
644
693
519
419
497
574
447
322
406
558
507
340
398
580
538
375
411
604
583
396
404
576
609
449
434
593
652
505
441
561
666
535
409
488
619
539
389
442
622
586
403
445
629
605
416
426
601
616
433
422
587
615
452
385
516
616
486
378
461
597
523
379
431
600
569
384
437
628
604
409
413
617
622
461
457
662
621
430
449
582
632
504
403
552
697
716
511
487
810
726
470
528
621
658
439
444
740
801
456
346
580
659
543
510
649
748
525
452
704
891
740
698
666
843
790
608
588
812
780
596
622
859
914
716
703
807
838
748
757
906
806
664
645
757
900
741
561
615
809
761
600
649
870
790
643
650
768
769
644
649
779
807
563
554
759
824
582
474
653
816
690
495
602
781
608
434
544
688
713
430
499
749
662
394
445
666
720
469
409
521
618
495
434
588
715
536
453
543
681
637
549
566
709
612
420
480
576
586
430
476
640
661
474
462
596
643
527
472
563
686
574
400
556
549
552
465
517
654
583
447
488
643
624
434
437
650
630
442
422
548
596
432
421
515
603
502
447
533
639
501
371
516
687
560
364
418
586
598
430
370
463
551
367
348
595
595
454
426
567
592
447
353
463
522
392
233
381
570
493
305
364
536
490
271
345
522
490
308
331
466
453
290
269
440
457
374
338
462
581
338
331
462
558
478
309
351
545
453
316
281
436
463
308
373
528
569
373
389
543
498
356
347
561
616
483
346
462
555
408
338
455
617
522
402
384
587
504
414
382
542
548
303
328
580
581
421
337
426
549
431
353
390
531
506
381
387
385
495
418
392
525
506
406
342
560
558
409
429
584
628
465
443
582
629
482
467
540
597
493
455
514
622
513
428
488
626
529
684
649
448
436
650
614
409
387
611
603
416
384
574
635
496
405
524
636
530
398
485
658
588
391
482
707
668
443
476
679
633
406
428
616
667
459
384
610
648
482
419
560
674
504
398
495
606
571
399
473
666
626
381
405
614
642
448
431
633
655
438
388
601
670
478
396
564
666
521
379
470
655
564
362
475
691
616
406
465
682
627
370
396
638
644
400
410
614
653
471
421
570
638
497
389
557
705
576
419
503
700
633
437
494
709
666
432
451
691
658
445
429
591
671
466
416
581
665
507
390
557
661
563
373
443
685
590
399
454
678
633
420
423
619
592
387
411
594
656
448
419
571
634
467
366
528
650
505
388
439
648
561
364
419
634
587
313
403
637
621
402
411
626
597
390
375
572
623
460
376
537
672
527
384
509
673
548
373
465
664
583
391
446
656
642
419
418
644
644
425
405
607
630
438
398
559
680
515
376
506
610
519
358
446
657
592
374
388
632
604
411
434
630
618
395
368
582
636
414
381
530
642
483
348
491
620
522
362
446
639
520
317
422
643
603
386
413
620
613
392
390
579
604
417
377
532
624
464
349
477
595
485
353
475
652
563
320
428
652
607
390
409
618
584
393
391
590
601
413
386
548
629
439
372
527
641
518
384
472
637
550
370
432
624
557
361
425
643
602
396
410
607
625
430
385
541
614
456
384
513
650
507
385
485
644
551
364
432
645
585
385
388
581
601
403
419
611
622
409
401
589
631
446
376
527
656
493
374
475
639
548
379
451
650
587
376
424
631
610
387
394
633
630
416
420
615
654
436
368
554
651
499
391
503
646
555
395
456
647
576
391
433
659
617
430
431
644
622
399
413
621
653
440
394
572
651
488
394
544
659
526
370
485
665
556
369
440
641
568
347
397
632
616
376
380
572
583
413
391
563
634
368
330
534
672
527
385
471
613
525
333
410
660
597
382
427
627
589
358
396
559
592
399
386
586
650
445
366
528
619
495
352
497
618
510
300
358
566
479
245
300
482
453
234
267
436
474
287
295
493
539
307
296
490
592
448
352
485
651
539
407
519
705
643
456
490
702
679
480
509
705
680
499
499
693
710
521
461
611
718
566
471
603
727
601
450
533
739
650
451
513
690
615
458
504
701
674
469
459
663
674
464
416
597
679
501
406
558
683
538
407
513
664
562
367
416
608
556
321
359
598
585
374
377
587
621
424
396
557
618
449
385
525
644
502
370
461
634
537
366
424
634
569
364
409
629
601
380
380
588
606
363
382
587
646
446
388
538
633
503
385
499
655
551
393
459
644
590
390
427
621
600
400
407
620
615
411
412
597
623
446
392
564
655
493
369
493
656
531
377
470
646
570
366
438
652
598
373
361
627
625
407
401
589
612
441
402
571
654
481
388
518
635
507
382
485
674
583
360
423
658
613
419
445
650
629
415
426
628
645
416
395
587
652
467
389
490
645
504
370
485
653
563
373
436
636
602
390
418
632
603
397
397
617
639
422
396
587
654
459
385
542
637
485
358
476
680
584
390
440
643
577
356
396
613
589
365
376
593
574
361
364
552
584
406
368
556
649
468
366
499
652
551
367
446
673
583
411
456
642
596
402
446
643
628
415
417
594
625
448
396
568
658
495
399
521
642
517
377
468
666
596
390
464
697
630
382
416
630
614
398
373
595
625
437
401
589
657
476
387
525
653
524
394
486
658
565
375
453
667
607
388
430
636
604
390
415
626
657
442
412
579
642
455
373
525
644
512
378
502
672
574
376
450
632
585
372
415
644
618
378
398
618
610
405
399
583
618
438
385
545
645
503
372
491
646
533
350
422
631
573
341
361
582
543
313
318
472
449
220
184
357
417
223
167
365
464
292
200
331
505
396
257
355
573
515
319
389
607
567
373
380
636
640
422
407
631
670
469
422
586
696
526
431
564
706
572
418
523
720
645
444
288
471
635
574
379
414
600
585
403
421
592
580
413
426
597
633
450
406
556
629
495
394
512
647
553
399
466
607
551
395
440
613
585
400
438
610
587
402
402
576
605
434
418
540
590
448
386
513
635
534
397
475
614
556
387
436
637
589
401
422
604
586
398
430
606
613
443
408
534
590
480
418
556
646
507
366
478
626
569
428
468
610
551
379
405
621
608
413
428
615
631
432
400
552
615
456
406
523
608
521
423
499
607
541
410
468
625
556
403
450
627
605
394
416
598
616
424
423
597
629
424
399
535
631
511
423
516
613
530
388
465
647
588
406
449
618
580
400
442
605
605
405
406
587
629
461
403
536
591
482
413
524
636
538
404
481
623
563
394
433
641
609
423
442
616
594
424
426
594
616
448
408
563
623
473
404
520
642
526
378
485
642
570
387
439
618
573
382
377
516
516
316
298
431
414
222
205
351
427
265
193
336
444
329
227
337
500
419
285
359
575
542
369
401
598
571
407
451
641
647
473
470
637
708
542
478
597
664
556
461
555
696
624
486
531
709
654
462
504
693
669
473
496
668
659
475
480
626
670
493
463
608
692
540
417
525
654
557
425
509
664
594
422
471
660
636
433
438
638
626
450
452
614
639
472
436
561
633
511
428
540
647
540
406
499
641
578
408
466
643
584
403
448
623
632
451
449
602
595
422
415
566
644
493
436
553
664
526
388
481
647
592
426
485
641
582
401
446
631
603
427
436
605
616
451
427
581
617
468
414
524
627
513
397
493
638
568
421
468
634
582
394
435
625
610
405
436
608
611
437
405
574
640
471
404
522
625
502
403
508
650
541
397
484
729
688
507
377
601
593
378
380
584
588
401
408
560
646
464
398
575
686
611
528
564
647
649
480
525
581
600
500
629
650
576
452
471
622
547
336
257
461
544
342
288
454
453
303
231
333
422
318
195
272
413
319
168
259
383
344
161
130
303
270
155
212
345
384
247
177
270
300
266
269
419
385
314
296
436
570
381
305
469
610
596
479
502
674
629
480
500
615
659
496
458
602
618
557
487
568
700
639
541
633
779
718
557
534
784
807
530
488
621
715
563
520
645
650
504
492
644
741
648
581
699
852
739
576
686
864
808
613
662
797
740
537
587
777
793
586
518
691
712
479
472
611
634
442
364
494
586
430
310
369
500
418
271
391
554
489
294
374
546
463
253
342
522
512
318
306
520
524
327
260
386
438
282
208
352
503
346
206
351
558
564
395
465
679
686
478
524
721
713
516
499
666
667
470
431
553
665
466
336
435
596
502
366
391
559
471
317
416
592
626
443
514
773
773
579
590
786
822
640
624
800
868
693
553
679
817
718
566
598
764
678
509
564
726
701
515
576
723
672
519
558
681
656
556
534
666
732
636
578
650
674
572
501
573
698
624
492
574
687
611
464
518
663
653
487
480
618
615
490
464
632
681
562
504
628
713
608
552
645
706
659
541
584
713
695
573
608
782
737
587
584
733
727
569
565
678
682
537
541
729
742
536
456
563
653
589
477
543
660
582
443
486
650
628
446
467
597
580
428
414
560
588
464
413
490
547
394
368
497
597
501
393
461
585
523
399
460
598
558
426
468
584
526
374
375
519
516
433
401
538
582
445
367
482
585
485
400
459
583
509
389
447
583
533
400
435
578
516
372
327
507
564
410
398
552
573
455
402
514
598
519
408
525
654
567
423
510
676
602
424
457
589
571
459
468
610
620
458
453
581
606
472
455
556
630
527
442
511
593
507
379
459
625
565
416
455
590
558
416
458
601
563
412
413
546
587
417
421
554
590
459
408
506
614
517
426
505
632
558
406
451
576
560
419
452
587
579
448
470
613
590
434
403
549
622
468
393
529
613
518
406
495
619
545
417
461
597
568
413
453
591
565
408
406
579
603
472
435
559
591
460
397
550
628
502
389
466
390
479
714
639
437
460
638
599
443
440
613
594
459
436
586
7
701
556
479
595
668
472
400
498
696
633
390
479
714
639
437
460
638
599
443
440
613
594
459
436
586
7
701
556
479
595
668
472
400
498
696
633
390
479
714
639
437
460
638
599
443
440
613
594
459
436
586
653
440
378
529
646
543
391
512
631
535
391
489
643
562
358
470
652
612
342
413
614
625
442
357
546
591
447
429
543
613
489
372
483
626
540
418
509
630
563
375
445
668
643
434
358
608
627
447
384
556
641
436
382
528
589
474
398
484
628
537
375
440
595
576
423
472
591
545
501
528
685
650
500
445
584
674
531
433
596
682
530
382
553
688
534
433
519
608
579
450
449
653
528
434
429
653
643
394
430
590
609
388
381
584
630
470
384
508
627
454
345
458
594
513
369
462
634
562
400
438
582
596
416
423
562
558
410
460
595
605
416
409
554
628
496
379
512
641
537
341
443
639
582
385
469
636
543
402
444
628
558
416
380
613
620
433
410
538
582
480
421
498
584
515
397
478
622
521
349
403
619
542
376
460
603
587
453
449
573
594
439
434
554
612
466
403
555
637
509
362
521
671
553
386
425
630
560
404
447
580
608
417
427
630
580
450
414
539
630
516
451
547
600
456
388
527
631
532
376
414
614
594
414
466
634
589
374
427
618
614
417
359
574
622
470
414
525
624
506
435
513
614
512
389
479
617
564
436
483
635
596
406
422
585
620
461
431
613
620
447
416
538
639
509
404
484
634
536
422
499
602
530
402
474
652
586
412
421
596
563
383
427
593
609
440
417
542
630
428
411
529
629
511
410
487
612
497
397
428
638
598
412
435
619
556
408
412
591
565
378
408
576
629
478
406
518
576
461
386
514
633
542
380
420
602
566
390
460
625
572
392
397
600
626
442
412
548
608
402
385
548
594
501
396
502
584
482
417
496
636
574
424
466
613
542
420
458
622
596
420
443
587
580
441
428
556
596
489
398
527
620
526
419
501
632
501
358
466
632
588
416
448
589
594
398
445
577
559
395
467
610
648
490
399
518
644
555
421
463
641
527
442
501
628
561
391
432
629
553
424
491
626
611
417
330
564
643
465
413
545
592
527
434
497
595
558
393
498
600
479
443
508
636
602
428
444
498
576
451
437
602
639
387
430
554
624
487
357
483
610
521
410
420
634
595
409
454
626
544
396
440
548
546
449
468
592
606
442
407
512
641
453
430
473
607
557
415
494
615
573
411
464
592
462
413
473
612
596
455
454
584
589
415
392
568
628
409
401
520
630
549
432
522
642
544
352
492
628
582
417
450
602
596
413
417
620
603
436
383
544
628
479
415
536
626
531
348
431
642
540
432
499
656
572
325
476
646
598
423
446
605
625
465
433
557
611
415
398
567
625
474
382
537
658
520
395
471
519
580
430
453
614
570
375
419
611
595
414
437
595
593
432
344
562
597
482
384
474
630
558
414
504
623
523
396
435
611
570
437
469
610
525
434
477
625
629
432
409
569
570
494
439
540
604
491
378
460
643
581
405
483
615
545
430
471
607
588
403
425
613
612
433
410
540
612
493
424
550
607
502
390
522
595
525
402
481
611
579
421
455
602
583
392
416
576
521
417
404
608
599
427
392
569
656
526
420
511
647
561
405
466
603
526
404
434
614
610
428
406
566
587
445
447
599
604
455
403
502
591
458
424
550
635
546
396
455
595
583
426
419
621
562
401
415
647
620
417
424
529
562
476
445
583
645
458
338
512
640
521
391
472
619
557
413
508
638
523
403
449
618
569
459
471
572
586
451
445
578
606
452
401
532
617
475
377
475
644
574
412
472
578
536
389
434
648
566
387
417
592
583
427
370
574
638
466
403
528
595
460
434
515
613
530
435
503
637
554
335
428
660
629
444
488
616
549
393
435
588
599
452
424
566
629
636
414
358
594
677
452
339
505
681
547
391
500
674
596
367
6
389
695
616
365
408
646
616
368
349
642
636
414
358
594
677
452
339
505
681
547
391
500
674
596
367
420
693
633
401
467
702
631
306
413
629
635
335
308
554
593
390
342
512
580
501
371
464
676
538
316
450
687
571
336
419
679
631
369
381
629
589
450
436
642
670
409
328
507
592
400
192
370
555
467
256
328
559
440
255
348
618
557
266
329
563
550
332
361
618
629
368
292
518
673
510
376
519
674
519
333
453
674
590
340
390
642
595
348
402
661
658
375
341
595
638
392
363
528
656
429
335
473
636
529
330
445
656
563
347
425
647
615
347
394
641
603
368
385
619
613
383
351
595
692
461
335
503
681
501
320
443
640
554
321
406
630
530
342
401
676
634
353
365
614
647
427
407
614
669
442
376
535
656
438
330
507
687
522
327
454
721
628
352
422
720
660
340
346
565
582
333
375
530
653
457
378
546
670
517
362
513
676
510
367
462
709
619
361
370
660
658
387
448
643
662
402
427
684
715
457
397
588
696
474
326
504
693
510
268
462
693
576
320
390
659
601
321
377
683
622
383
398
621
651
380
352
604
692
475
352
518
700
546
358
451
678
606
366
467
708
605
322
400
675
669
390
410
611
652
411
393
568
659
460
333
503
692
535
358
460
665
531
315
439
684
592
350
412
662
595
302
387
635
641
403
369
587
653
438
370
552
663
500
361
483
680
546
338
419
672
604
357
408
656
607
363
401
664
600
357
389
631
669
440
375
559
651
491
357
500
674
516
357
451
676
607
357
430
674
585
362
431
686
654
368
340
537
573
348
280
477
631
465
348
494
661
525
325
442
697
564
312
453
709
673
430
439
736
733
436
478
725
735
491
482
664
755
533
392
532
694
556
371
494
719
569
316
438
716
625
378
441
642
679
428
443
677
673
410
387
592
709
497
403
591
723
499
372
536
760
626
397
465
726
645
380
447
695
667
400
390
635
672
411
400
591
645
430
378
537
679
512
355
501
692
570
354
370
653
609
375
432
669
619
353
363
672
660
405
377
567
638
445
375
574
670
468
357
509
685
545
334
394
682
583
348
435
680
608
363
391
649
654
350
403
642
668
429
343
576
716
507
309
543
720
564
358
472
708
557
387
467
690
623
338
306
615
579
294
311
563
583
299
345
584
670
456
317
493
668
507
347
419
690
595
349
436
697
612
385
409
705
659
414
404
652
666
390
360
528
615
442
327
501
636
478
312
447
660
574
342
430
686
637
367
433
689
619
386
411
659
659
430
421
621
652
426
349
503
669
466
305
445
611
458
275
404
650
565
301
364
610
600
324
348
630
622
355
328
597
645
416
328
520
672
485
346
473
667
522
291
417
694
606
368
417
656
584
350
400
631
625
374
410
619
654
411
369
535
654
478
339
503
699
526
337
476
713
598
335
397
633
615
351
413
675
645
372
376
632
653
388
353
552
652
484
378
541
669
520
323
404
598
501
274
370
626
580
301
388
627
549
348
382
649
659
399
348
582
713
526
424
613
760
584
412
535
734
673
471
545
754
669
334
467
707
676
409
404
667
620
400
386
630
662
464
371
540
717
536
377
464
709
579
365
481
694
607
368
397
713
676
395
429
667
671
407
386
652
700
461
391
570
697
512
375
471
696
567
339
438
683
583
325
410
676
621
324
415
650
628
360
362
598
625
429
374
553
664
457
363
517
667
528
340
428
654
558
330
418
644
603
353
395
645
599
354
370
638
666
425
397
591
674
466
351
516
646
527
362
469
700
587
323
424
690
640
362
402
646
634
395
410
648
683
394
337
579
687
426
290
441
588
448
254
416
659
544
319
400
674
576
355
398
648
620
369
393
619
622
322
301
530
583
334
240
409
574
418
265
390
583
464
235
343
604
529
273
325
656
636
387
417
681
679
418
420
50
434
489
669
636
400
469
640
636
408
474
646
674
461
399
591
671
509
431
5
526
677
559
384
457
711
650
434
489
669
636
400
469
640
636
408
474
646
674
461
399
591
671
509
431
542
666
513
391
496
671
588
393
458
668
621
413
436
650
630
419
446
627
606
450
418
567
629
489
404
543
649
517
345
473
651
522
354
446
682
625
419
441
643
610
384
420
640
646
410
416
591
627
425
385
554
636
493
360
493
662
522
376
448
653
604
399
433
626
583
374
438
618
659
441
404
586
637
461
418
570
662
518
401
508
658
517
412
509
685
615
395
457
655
625
427
491
684
636
400
392
580
632
478
455
581
587
446
367
540
684
583
449
513
659
579
340
389
628
590
374
401
549
523
350
334
469
503
288
216
417
507
355
268
416
503
364
260
412
559
502
334
429
614
568
408
454
671
648
440
449
663
650
482
458
610
651
527
432
576
686
548
442
562
700
645
457
497
684
633
442
494
616
633
447
470
630
655
434
393
580
694
534
455
593
681
524
356
512
640
570
398
502
654
610
415
431
660
608
446
446
646
685
487
458
624
651
473
418
573
597
502
420
547
616
552
405
494
673
588
359
435
599
611
413
467
650
633
422
411
589
624
457
405
554
649
487
386
447
660
562
413
483
642
564
382
444
608
558
372
453
648
632
413
387
580
629
436
392
560
616
464
404
540
620
486
367
479
643
529
420
469
639
570
354
392
638
627
423
394
595
615
411
408
588
633
468
370
506
640
520
385
486
596
533
376
449
645
579
358
411
628
629
423
431
624
632
418
369
581
651
496
428
566
638
530
407
509
641
513
395
497
657
583
375
440
672
621
355
386
648
642
442
423
605
580
436
404
578
668
484
375
524
638
509
358
469
641
553
359
435
608
582
381
397
586
609
441
432
574
590
432
400
570
612
476
346
520
641
516
383
478
619
577
375
440
601
555
383
460
651
606
393
372
582
606
435
436
574
611
433
350
526
673
540
396
497
653
557
365
441
604
579
414
450
635
603
343
426
654
645
428
391
581
587
442
400
538
652
513
402
492
649
533
394
468
636
545
383
458
640
576
376
425
636
627
381
406
554
636
465
406
557
643
474
374
475
633
540
377
467
650
581
385
439
641
594
386
411
604
596
426
434
595
621
421
425
586
638
478
379
493
659
541
378
496
659
553
390
392
625
610
397
430
647
611
401
406
613
603
424
386
567
638
464
335
502
647
548
400
482
627
544
371
438
631
581
386
427
640
626
417
399
595
617
421
410
555
624
432
367
572
633
483
355
487
612
525
359
425
614
540
361
405
598
602
400
418
607
603
400
392
577
589
450
416
555
627
477
377
514
602
452
394
473
663
577
365
418
631
564
364
392
593
605
404
423
574
621
443
407
536
640
442
390
548
674
533
365
476
656
573
368
414
664
618
396
434
636
603
368
396
598
640
441
407
