393
378
386
402
402
383
388
410
401
389
385
399
400
392
391
408
423
415
404
415
422
407
397
410
423
405
396
410
426
426
410
405
419
421
408
404
422
432
419
411
427
438
430
418
422
429
435
423
420
430
418
405
414
437
426
415
428
451
442
419
415
428
442
429
419
435
445
437
429
433
439
433
426
433
450
447
426
428
449
447
433
429
448
446
430
431
448
446
430
429
441
449
454
448
446
452
447
447
458
471
460
446
453
473
474
456
459
472
461
456
459
464
461
459
460
470
465
457
457
468
484
485
472
477
486
480
467
477
493
491
480
483
493
489
476
479
495
496
477
468
486
490
485
482
489
495
488
482
494
504
499
486
489
498
494
481
486
503
504
486
488
505
507
490
494
509
512
506
498
502
508
501
496
510
515
503
496
505
516
510
497
504
518
511
495
494
510
505
491
493
507
507
493
502
525
537
525
512
519
528
523
515
524
535
526
512
520
534
527
510
512
530
532
515
514
530
537
527
522
533
528
519
509
524
532
519
509
521
534
538
524
527
536
528
508
516
535
536
523
523
538
538
529
527
537
546
542
527
530
543
545
538
551
562
556
535
536
549
553
534
531
541
541
530
533
543
550
541
531
548
560
539
519
536
547
533
534
539
536
522
513
525
542
534
519
520
543
545
527
523
532
540
522
518
537
536
513
505
519
529
524
517
523
531
518
503
510
529
529
526
524
527
519
507
503
522
521
508
512
537
546
513
502
512
528
517
511
520
529
525
514
519
531
524
512
517
529
533
506
498
519
519
499
499
513
515
502
509
527
519
502
495
513
521
515
504
509
522
513
490
498
514
508
495
500
518
511
499
499
514
518
505
506
518
525
513
513
522
533
517
505
513
523
516
507
515
526
517
498
504
529
528
497
498
513
514
498
496
516
530
524
519
527
533
527
519
528
536
526
511
516
533
531
518
518
523
524
508
508
525
536
529
519
524
529
524
508
515
523
516
508
518
523
516
514
525
526
513
504
509
526
524
520
526
527
520
504
510
525
533
515
504
519
529
515
510
515
523
520
512
518
521
520
518
525
533
523
510
517
534
535
523
528
531
528
523
517
516
524
523
515
512
525
532
528
524
535
526
504
499
518
522
511
525
530
510
507
515
530
524
512
508
525
529
514
514
512
503
496
497
512
525
509
503
506
519
503
492
489
508
505
494
499
518
519
499
498
503
499
483
484
496
506
504
499
509
516
509
490
495
514
513
494
511
508
505
484
475
482
484
477
474
480
490
493
502
526
512
494
488
499
513
518
511
516
535
546
531
519
521
538
537
544
546
531
520
528
538
539
540
549
533
532
528
517
516
536
533
526
539
562
549
527
528
532
526
526
532
540
534
513
511
536
534
528
532
538
542
536
535
546
550
525
527
545
563
545
518
531
548
540
534
542
548
531
512
529
557
550
514
516
532
554
550
525
523
531
534
532
540
548
534
515
527
542
540
530
526
542
546
534
537
548
556
550
540
536
533
533
524
533
541
530
521
533
546
537
526
540
551
553
538
540
552
538
528
532
545
545
525
529
550
542
536
520
536
542
535
524
539
550
547
536
539
547
539
524
529
544
537
523
522
544
542
522
528
541
541
529
522
536
537
532
525
540
555
548
536
542
557
549
531
534
549
552
534
528
547
547
532
530
545
545
527
522
540
545
525
506
513
518
509
504
513
528
519
503
512
522
517
502
506
517
512
497
504
510
507
495
496
515
530
523
524
535
551
548
539
547
565
564
554
563
584
587
566
570
591
592
580
580
596
603
590
589
598
595
580
577
603
628
631
617
626
633
621
615
629
645
635
620
624
638
641
625
634
650
655
650
646
670
679
654
644
671
684
672
668
677
692
684
677
683
695
698
689
707
711
712
705
716
741
741
721
726
746
751
741
739
755
758
746
743
758
771
766
759
772
786
788
777
782
794
788
776
786
800
809
800
796
797
795
783
779
791
799
792
790
807
815
799
789
798
802
798
789
797
813
808
796
797
804
802
789
782
797
799
780
776
789
792
781
776
783
788
776
767
767
777
767
753
755
764
761
736
736
753
751
720
720
735
732
718
714
721
720
694
687
698
705
694
682
678
688
674
649
650
659
651
629
628
642
634
613
608
624
622
597
579
585
593
574
561
566
557
544
534
537
533
512
490
501
512
502
480
466
477
472
449
448
465
448
407
400
409
405
383
369
360
343
324
325
342
359
340
312
320
324
306
287
281
295
289
276
278
291
290
270
266
280
277
270
272
279
282
270
265
279
288
282
263
264
276
274
264
265
269
260
251
258
271
269
255
243
251
251
234
232
243
245
234
226
234
234
217
212
216
220
222
204
202
221
208
192
189
206
208
187
181
193
196
188
186
197
192
177
166
184
190
185
171
177
186
181
169
177
189
178
163
168
177
174
162
164
175
177
166
171
183
184
164
160
175
179
178
173
189
192
187
177
186
189
190
178
183
196
193
187
193
210
210
192
192
207
210
208
213
227
235
225
220
226
236
233
230
234
247
243
237
243
266
271
259
257
266
261
248
250
269
265
256
254
276
289
274
269
280
291
286
282
290
297
296
278
286
308
307
290
299
321
321
301
310
325
322
311
308
320
323
313
311
325
327
316
305
311
318
305
304
326
353
352
326
318
338
336
326
338
354
356
338
336
353
359
350
348
356
360
354
347
364
371
361
356
364
365
359
345
352
371
377
363
355
377
385
372
374
388
387
368
363
379
387
382
381
391
398
400
394
397
401
401
391
401
425
419
390
378
399
404
398
402
414
415
408
408
420
428
422
419
424
434
431
428
441
449
440
423
435
450
441
429
435
451
453
446
450
465
461
436
438
460
468
451
444
457
464
462
454
465
474
470
457
469
493
491
476
476
481
486
473
480
491
488
475
476
492
507
495
481
499
503
497
485
489
498
490
480
490
500
498
480
489
502
499
483
490
497
496
472
468
486
489
470
456
467
478
483
486
486
497
488
471
469
482
476
462
467
476
468
446
452
475
484
468
477
503
512
496
494
509
514
506
503
519
522
514
500
500
508
511
497
509
533
534
525
535
551
548
536
536
553
555
543
543
558
564
543
531
544
558
543
538
540
555
552
543
551
567
565
543
540
555
559
549
548
560
565
557
552
568
574
561
554
562
569
557
553
567
579
574
563
563
576
567
554
563
581
579
571
576
583
585
581
581
587
578
568
564
575
588
578
573
580
588
580
565
576
591
586
573
578
594
593
585
589
597
603
590
584
596
596
588
590
606
607
596
582
597
605
596
583
580
593
588
574
584
596
592
578
576
586
583
573
580
590
592
579
575
582
589
582
576
586
599
586
572
573
589
583
569
573
584
582
570
566
584
586
569
558
576
576
557
557
572
575
565
561
580
587
576
558
566
580
578
562
564
582
587
574
582
602
601
592
593
592
596
592
595
609
601
591
592
605
603
598
596
608
620
609
594
592
603
599
589
589
602
600
602
613
613
624
615
616
621
611
599
598
607
615
610
594
597
607
601
582
591
613
614
599
601
611
605
593
595
606
612
597
584
597
603
588
583
596
605
600
590
596
603
595
586
595
603
599
584
592
608
598
587
593
608
611
599
600
613
618
604
605
615
620
608
598
614
630
621
607
612
618
609
592
600
623
628
611
614
621
622
614
612
622
618
605
603
615
625
613
602
611
619
615
604
610
619
616
608
611
628
630
611
608
616
614
600
605
620
618
607
601
614
616
603
593
612
632
624
617
619
623
623
614
617
625
616
606
610
628
627
602
601
615
622
612
607
617
612
597
590
601
615
608
601
606
611
605
600
609
618
603
598
607
615
598
590
594
607
617
607
602
607
609
601
596
607
622
617
592
587
591
589
578
583
595
598
585
591
609
605
582
581
595
598
576
566
579
585
571
562
568
574
574
582
594
603
588
577
591
601
600
588
586
600
599
589
590
603
601
585
579
594
600
589
583
594
598
590
587
587
592
591
585
596
603
593
580
582
606
607
586
584
598
602
586
585
599
597
592
592
602
607
602
593
600
610
604
600
605
608
602
596
601
615
614
602
601
609
606
592
600
621
618
595
593
605
617
605
591
604
620
606
593
605
616
609
599
608
620
620
594
600
607
608
604
609
631
628
602
592
610
618
611
601
613
614
609
597
601
614
606
595
605
620
616
602
599
616
613
606
612
619
608
595
600
620
622
613
604
615
625
612
598
600
616
608
596
597
612
621
609
602
622
625
605
605
617
614
602
602
616
618
607
603
615
619
608
605
617
625
623
612
623
631
625
605
606
619
623
610
611
626
621
601
598
612
614
601
593
602
610
603
595
603
609
594
577
582
598
592
569
569
578
579
575
590
612
619
600
587
608
612
591
591
600
603
589
577
590
604
591
582
590
600
597
580
584
601
598
585
579
592
597
574
573
584
594
580
578
584
586
580
574
579
585
573
572
586
593
581
570
580
592
578
567
574
587
588
571
570
589
596
582
578
582
585
577
573
595
601
589
580
589
600
597
585
586
593
587
577
589
597
589
563
568
586
592
577
572
587
591
582
576
586
587
582
574
579
594
585
571
576
594
591
571
574
590
586
572
572
588
588
570
572
586
590
580
580
592
590
587
587
602
608
599
588
592
604
601
590
598
615
607
589
584
600
602
591
586
600
611
592
585
604
608
602
599
613
631
628
621
634
650
638
623
636
662
653
627
634
656
654
645
654
671
677
665
661
675
694
688
688
705
710
703
693
704
721
728
722
723
736
736
721
730
747
736
720
720
741
741
729
741
767
776
764
756
769
784
766
752
766
779
772
763
779
788
780
765
781
800
794
771
768
770
765
747
743
752
750
738
736
729
732
724
725
722
730
723
711
717
723
724
713
708
716
706
702
706
706
700
697
699
701
709
707
702
715
720
720
714
722
723
725
718
714
713
711
714
719
709
705
699
696
694
691
685
684
687
678
665
661
668
671
653
642
644
641
631
621
614
609
606
597
594
590
579
560
550
551
545
534
527
521
518
517
507
500
485
476
468
462
460
457
445
444
432
420
408
402
404
398
387
379
368
359
345
339
340
330
321
311
308
304
285
273
280
287
277
254
248
257
249
234
233
236
226
214
217
222
215
193
185
189
186
171
166
175
175
157
142
151
152
138
128
136
137
134
119
120
115
112
100
101
115
116
98
93
102
102
86
78
96
106
88
73
82
87
73
64
71
70
58
46
51
60
68
74
84
93
88
76
73
83
85
71
70
84
87
75
72
76
84
83
90
103
98
91
75
83
97
95
82
85
99
97
83
90
104
101
95
108
119
112
97
99
110
114
111
106
120
130
118
114
118
123
117
106
116
131
133
122
133
143
149
145
151
164
167
156
152
163
166
159
152
166
181
177
165
167
179
176
163
169
184
191
186
190
201
199
192
193
207
210
200
198
209
216
205
198
208
214
210
193
205
224
224
217
223
238
237
230
231
249
246
238
246
263
264
253
255
263
267
257
256
267
273
267
263
273
280
274
263
269
284
283
277
288
308
300
291
296
314
311
305
308
315
312
301
303
321
334
326
323
337
348
341
327
338
348
347
341
341
345
339
329
337
349
346
335
339
352
358
353
357
367
373
362
357
365
376
372
361
370
377
372
362
371
383
381
371
381
391
389
368
370
383
392
377
377
393
395
363
362
379
385
378
379
406
428
431
413
405
411
416
409
421
434
431
417
416
433
437
431
435
447
451
439
427
433
440
442
444
454
465
459
451
461
477
475
456
453
469
480
473
472
483
485
481
480
489
491
483
482
503
505
497
482
500
517
522
513
509
516
514
507
517
532
530
513
517
529
533
523
522
536
1
669
671
648
644
674
703
694
672
681
700
693
675
684
710
704
678
680
700
700
670
671
685
680
657
655
1
669
671
648
644
674
703
694
672
681
700
693
675
684
710
704
678
680
700
700
670
671
685
680
657
655
675
686
670
659
678
686
670
657
672
687
672
648
659
688
672
648
656
683
671
643
640
660
657
633
633
654
654
630
624
642
653
636
615
630
644
637
604
609
628
612
587
588
611
608
582
576
599
597
572
563
577
578
546
525
537
540
518
497
503
515
494
473
484
507
496
477
480
497
494
475
484
511
508
487
490
509
516
493
487
516
526
505
508
530
545
529
515
524
544
535
522
540
550
534
510
520
543
536
512
514
534
531
500
491
518
529
509
496
511
519
500
478
496
507
491
472
482
506
503
476
470
491
486
464
470
491
490
468
472
483
479
461
448
465
476
460
449
471
490
476
448
454
467
457
432
441
465
458
422
421
432
429
408
407
423
423
418
427
448
454
434
418
436
449
440
429
431
436
428
409
419
450
448
424
424
440
438
413
420
445
444
418
418
440
447
428
415
428
435
425
413
426
443
434
417
426
454
451
426
430
455
455
430
439
467
465
437
428
454
458
435
432
456
472
460
448
462
476
458
443
454
483
479
455
461
485
476
449
450
470
468
443
448
475
477
452
451
479
479
450
442
461
475
463
451
469
487
475
453
454
472
459
436
441
467
457
430
428
452
458
438
434
451
462
442
430
447
456
445
434
441
453
440
422
434
454
449
431
429
448
443
419
423
452
455
427
424
441
441
424
421
442
455
436
426
445
458
446
424
434
450
443
424
435
466
454
430
436
465
467
436
442
463
467
447
445
467
466
445
432
448
464
451
438
448
462
448
425
436
456
448
432
447
483
486
462
458
480
480
458
460
485
492
463
448
464
479
470
454
464
478
465
447
460
479
472
448
461
488
487
458
463
488
486
467
468
487
487
467
468
489
496
482
472
484
496
482
468
482
505
498
478
494
523
520
496
499
528
526
505
509
530
537
517
522
550
537
507
494
503
513
495
477
486
504
491
472
478
508
503
483
489
517
514
491
493
515
512
491
491
514
524
505
497
509
519
507
490
495
504
495
478
489
501
495
478
484
502
495
472
474
498
498
480
481
505
506
488
487
505
515
497
482
497
511
502
485
497
511
506
485
491
524
519
488
487
516
518
497
499
523
529
504
503
522
528
505
