429
595
598
541
427
552
622
563
436
536
581
577
374
483
598
607
410
455
576
603
388
418
578
625
513
391
575
645
540
420
558
632
573
384
533
575
555
376
475
566
576
360
451
518
580
366
438
578
591
457
459
611
647
529
385
523
559
498
311
491
591
544
370
482
544
559
321
442
529
578
372
431
581
629
450
437
585
614
510
404
556
555
525
400
543
648
581
362
507
566
579
365
477
540
583
402
489
550
614
414
438
601
609
463
368
557
631
540
456
570
568
550
366
520
580
562
268
451
584
589
345
437
555
589
359
400
567
593
455
437
605
663
534
364
543
621
556
366
521
506
559
388
512
605
616
405
495
565
602
430
459
613
648
459
480
592
596
498
423
563
600
539
302
509
584
568
346
494
601
598
331
461
585
603
430
469
594
629
440
406
589
631
481
384
562
565
524
355
521
566
541
365
506
514
547
389
489
610
610
437
482
594
593
416
434
563
608
464
364
564
588
507
359
527
603
546
316
497
591
562
371
478
650
599
374
434
573
602
404
438
575
580
449
389
581
587
506
387
534
554
523
369
513
603
576
438
511
553
564
392
467
585
596
405
424
583
607
418
396
581
633
515
368
563
647
561
398
531
638
566
357
503
596
593
415
500
614
608
407
458
558
616
461
454
625
619
516
465
603
648
558
419
557
603
564
353
513
623
584
387
498
591
602
354
451
560
616
419
422
576
654
493
434
597
626
521
387
537
580
539
378
510
614
572
341
473
543
572
341
453
564
594
411
461
586
623
449
416
590
603
503
339
536
622
537
406
526
567
549
336
480
564
573
320
443
577
608
356
428
554
607
392
385
562
586
482
419
569
667
549
324
493
549
529
322
459
459
495
334
433
528
544
314
374
470
525
367
355
518
561
433
405
537
546
491
372
517
577
541
262
475
575
563
348
479
570
591
340
438
577
603
447
451
573
652
479
382
566
633
528
374
549
571
556
363
546
597
582
394
518
561
603
412
504
644
646
467
504
631
633
492
481
604
647
543
379
569
618
567
381
550
627
597
340
503
606
598
407
506
649
645
431
457
579
641
456
439
576
583
504
398
574
608
547
393
533
580
569
390
525
609
598
462
521
584
594
397
473
585
608
426
400
565
601
486
384
571
614
528
366
540
629
558
386
524
642
599
366
483
609
604
403
459
578
576
399
419
544
586
455
408
593
588
512
429
561
636
556
412
539
593
568
351
490
616
596
393
468
573
596
358
424
554
606
459
389
568
647
518
422
564
629
549
376
521
566
549
391
500
588
553
341
428
502
556
358
423
533
573
420
438
583
611
485
387
548
585
510
336
504
600
556
406
510
548
555
328
468
550
576
353
434
547
603
365
416
531
593
495
396
564
578
515
406
537
640
559
319
487
556
544
340
456
464
542
362
457
528
583
374
423
513
568
434
380
540
619
517
440
557
556
517
364
507
564
547
250
452
579
578
359
454
553
579
351
404
572
594
458
440
575
663
519
377
562
641
551
381
532
526
548
365
512
580
579
377
466
521
576
414
453
606
624
445
481
595
593
507
428
580
600
515
308
494
537
510
289
437
524
497
236
380
500
510
311
389
532
565
382
363
514
579
407
361
523
521
467
330
509
556
521
365
506
528
552
385
506
604
604
464
511
612
603
430
482
591
628
477
411
593
607
526
409
576
637
576
362
546
633
607
428
543
688
635
406
496
602
638
431
478
592
600
474
444
573
608
517
427
583
581
545
430
544
623
563
439
527
592
584
378
466
588
586
424
436
567
596
396
412
572
615
503
387
551
634
522
427
531
625
547
374
492
570
560
430
486
607
582
398
449
523
580
371
439
536
587
440
456
587
651
545
474
653
740
568
415
636
863
683
434
574
841
714
396
495
786
678
338
381
687
651
335
335
645
666
392
318
597
690
463
298
526
723
537
299
458
721
585
377
486
604
568
357
440
515
559
351
398
495
527
422
346
529
590
506
401
530
516
502
338
491
528
538
249
437
521
585
342
439
520
571
347
403
550
559
414
404
532
573
487
324
508
553
516
333
482
460
510
350
466
540
575
400
456
505
564
423
441
558
614
420
448
584
598
503
413
541
581
541
362
533
601
560
411
540
700
605
356
462
737
651
378
450
718
688
396
419
696
694
430
389
636
684
478
364
564
644
519
371
503
547
533
352
461
550
574
368
448
540
561
364
416
532
585
458
378
543
569
521
359
535
592
559
325
495
596
583
417
497
606
602
402
459
530
599
436
461
559
585
472
420
560
600
529
422
541
563
558
439
534
628
582
477
513
579
578
398
476
585
606
456
446
567
596
432
409
560
617
516
373
536
626
550
419
520
635
576
391
494
577
581
453
502
620
604
441
466
528
589
437
460
575
585
480
443
574
613
508
441
625
732
547
365
533
737
585
350
456
703
589
304
406
685
626
332
380
667
663
376
350
636
680
435
322
567
695
500
319
504
714
562
304
450
705
601
311
421
689
618
326
398
681
644
368
373
646
666
420
344
595
698
482
341
535
702
533
315
470
701
581
320
424
713
621
327
393
689
650
343
347
660
689
408
324
590
716
488
347
510
568
515
353
468
491
534
386
463
535
564
372
419
510
558
433
406
555
610
498
448
563
564
518
395
517
552
522
273
471
574
566
366
465
570
584
372
439
578
595
445
448
559
644
499
400
572
634
540
398
548
549
540
359
508
560
551
375
474
524
561
405
449
567
597
408
465
582
596
463
425
565
599
503
343
519
563
513
334
488
571
560
321
474
593
577
405
476
618
630
424
431
565
622
449
435
573
596
506
390
556
587
535
396
528
554
544
394
501
600
579
406
471
578
576
346
437
576
611
445
415
575
608
485
375
567
619
528
347
531
633
570
401
529
626
590
383
481
547
586
402
457
592
584
406
409
532
550
421
364
534
539
469
378
506
577
502
347
477
548
527
321
458
588
576
422
454
568
588
387
417
523
599
482
395
586
652
529
425
569
623
552
382
529
563
566
412
512
659
612
403
479
594
590
382
439
563
581
402
411
538
580
465
352
512
530
475
286
468
569
517
405
481
526
539
367
453
564
581
333
412
561
618
440
438
568
620
502
393
581
610
550
442
579
692
601
360
537
639
609
396
516
548
605
399
502
601
638
468
474
603
611
485
439
611
670
558
466
584
594
556
424
541
589
569
313
480
562
584
368
463
591
606
423
446
597
630
470
463
594
662
524
375
553
633
556
387
543
564
559
352
499
573
581
398
471
570
583
438
461
576
617
459
460
581
593
501
420
576
616
542
352
535
584
560
342
499
593
576
346
474
621
607
417
461
581
620
431
410
561
609
469
413
577
581
520
377
549
575
550
382
528
550
564
419
507
609
593
410
479
593
595
373
427
570
614
456
388
573
597
511
356
545
609
542
330
506
625
578
407
499
598
590
400
468
534
595
428
447
575
599
449
413
562
600
511
405
566
581
534
410
534
614
569
388
503
584
569
350
460
604
588
427
438
556
590
416
397
551
607
488
373
552
632
531
404
542
604
561
372
515
543
563
417
490
629
599
381
436
577
587
410
425
588
588
464
420
579
594
510
376
546
569
539
323
506
616
576
453
516
576
580
408
460
582
587
353
399
578
623
454
425
597
630
490
410
621
677
490
331
561
784
602
338
498
789
645
330
438
752
658
329
394
729
683
365
363
683
705
410
336
628
736
478
315
558
738
536
308
495
744
597
304
435
727
614
308
400
707
634
335
376
682
660
378
356
636
689
432
330
567
697
490
319
511
695
548
309
446
697
587
314
416
694
600
335
396
684
644
357
370
648
664
413
341
578
677
464
311
518
692
527
305
465
711
584
307
417
727
641
314
370
707
676
351
336
660
694
404
307
595
719
477
292
518
720
531
331
478
606
538
382
447
590
562
354
411
538
557
373
373
527
586
449
361
528
570
495
320
490
561
525
307
467
608
564
385
473
572
586
384
434
553
580
424
425
573
604
481
390
553
580
503
370
523
561
525
393
500
598
555
365
476
579
573
336
429
577
590
429
430
568
577
435
379
553
599
501
352
535
621
544
361
511
576
548
343
475
532
555
392
460
618
611
364
413
580
593
453
412
573
559
487
400
555
593
527
363
515
542
542
328
489
619
588
458
491
526
568
417
442
557
596
413
375
565
612
502
397
563
594
529
346
524
580
550
412
521
652
594
357
476
627
605
410
463
578
597
416
454
604
630
496
429
593
606
501
404
576
658
546
435
562
655
557
408
524
762
650
327
421
749
675
344
382
719
701
378
348
672
723
438
323
600
736
499
307
525
741
555
308
462
732
595
306
418
728
620
323
393
697
645
361
367
673
684
408
347
616
693
461
328
558
713
522
306
479
710
569
306
438
723
607
322
403
696
626
340
386
671
660
391
365
633
681
448
338
575
694
501
318
511
705
563
326
456
704
592
329
428
705
622
337
396
678
643
368
363
646
691
421
295
556
716
495
278
485
729
571
283
422
734
612
289
380
710
633
303
350
695
674
360
336
649
701
417
306
585
720
482
348
530
617
503
375
478
593
543
357
435
553
564
343
389
553
589
421
397
556
573
471
351
524
573
498
310
487
587
535
346
471
560
548
338
442
537
560
393
426
581
609
388
384
566
596
475
394
558
560
512
398
543
595
545
362
510
551
558
348
466
603
599
442
478
547
586
429
427
577
613
458
369
569
620
519
378
539
592
533
326
502
577
555
417
495
638
600
351
426
586
602
407
426
562
585
432
405
582
603
503
393
549
575
527
368
522
629
578
450
522
578
588
415
468
576
589
390
422
553
603
453
421
593
625
512
382
562
620
532
413
557
657
559
386
534
692
589
316
438
772
676
343
412
754
705
370
374
710
721
415
349
648
745
476
329
570
742
530
303
497
750
587
303
444
724
611
311
413
712
631
327
381
681
650
364
354
635
680
433
339
588
698
487
326
527
708
546
311
466
708
587
322
428
697
606
330
390
678
634
352
372
648
654
408
343
593
683
463
323
540
709
536
315
474
715
588
306
421
721
619
303
372
706
669
334
333
662
695
406
321
597
712
464
287
525
721
524
274
448
707
558
250
365
673
535
273
365
537
511
312
327
489
510
369
339
500
525
429
313
474
549
492
303
461
602
543
366
456
577
574
352
426
539
567
396
416
561
614
471
378
557
591
505
384
542
568
537
394
527
588
566
381
491
542
582
389
459
609
625
460
478
573
612
464
447
617
639
508
387
582
640
514
437
611
774
584
341
514
774
631
352
465
771
660
354
428
731
661
383
404
690
677
424
380
640
698
477
372
578
706
531
355
511
723
581
346
465
723
605
329
419
718
651
339
375
720
733
444
397
702
788
539
408
662
814
602
397
574
791
627
348
483
744
613
336
421
721
640
337
392
675
636
354
346
622
652
402
317
563
667
461
305
490
673
517
300
450
702
570
296
405
686
592
299
368
662
606
345
349
636
652
400
333
591
679
455
315
534
700
530
310
465
698
569
323
431
707
604
323
408
690
625
348
380
672
669
400
352
613
676
453
320
546
699
511
306
481
703
562
306
431
701
589
313
396
693
624
338
377
669
658
381
352
627
673
417
291
524
675
460
238
430
676
525
239
379
695
576
270
362
697
629
309
341
676
657
354
323
631
692
424
313
571
708
496
289
501
731
575
307
450
742
621
314
420
723
640
327
387
695
651
360
375
662
683
418
349
602
694
472
332
537
700
530
323
478
718
577
319
438
711
619
341
429
647
599
417
423
520
547
443
372
515
531
440
246
408
494
436
261
385
470
455
224
345
483
483
332
374
499
540
350
337
484
544
404
355
547
368
531
528
571
394
516
580
587
367
464
529
596
407
447
572
622
483
469
579
597
523
422
562
595
543
303
512
610
579
365
511
557
582
336
471
562
593
425
469
588
637
442
417
589
634
497
417
580
560
528
372
539
582
548
365
512
522
557
367
483
595
608
430
477
573
593
429
442
564
601
458
379
574
595
529
385
569
613
567
336
519
593
580
394
517
648
616
382
459
569
611
408
441
561
592
452
416
582
599
522
406
580
592
571
428
562
596
547
398
525
595
614
402
464
567
579
400
470
643
630
428
386
601
679
594
528
727
734
564
412
604
740
716
401
394
447
423
312
482
628
650
412
371
421
473
358
430
582
591
452
378
541
567
457
362
510
549
479
327
485
595
541
379
483
572
547
366
454
682
590
376
432
614
652
463
394
511
572
462
334
517
549
483
362
495
571
528
342
471
531
529
368
453
560
618
462
466
586
611
452
372
509
564
506
416
560
610
492
359
512
561
570
369
500
570
564
342
507
665
670
418
470
544
608
444
451
571
544
392
356
542
671
594
412
557
618
563
362
501
522
514
314
405
519
565
358
417
472
567
408
423
543
571
422
432
572
571
473
369
523
582
525
299
498
609
538
362
484
563
582
331
418
556
580
441
505
611
637
419
378
557
621
518
403
582
571
551
391
542
611
544
342
499
560
603
409
475
609
585
374
480
660
628
380
436
598
606
442
410
615
593
496
354
553
609
519
334
538
663
609
360
454
579
564
323
433
585
603
372
444
612
598
416
397
610
593
453
396
615
625
522
376
544
623
540
391
539
684
614
389
483
702
627
397
469
689
610
361
389
665
688
471
414
664
663
441
323
544
694
526
330
508
725
590
334
447
697
597
338
449
711
662
370
415
698
662
381
343
638
702
438
300
554
737
517
274
471
762
613
311
423
749
639
283
363
729
671
320
340
695
697
373
339
649
726
450
293
568
733
517
281
484
735
563
264
419
735
622
278
377
725
659
308
355
698
688
345
320
657
698
410
288
587
737
489
297
512
727
541
251
412
741
622
285
389
743
650
284
353
717
673
320
318
666
711
411
299
602
738
473
287
536
755
555
271
453
757
609
266
382
719
629
272
353
717
664
310
306
662
684
378
324
631
708
424
269
549
740
516
274
485
747
573
279
401
704
585
265
381
713
626
296
357
676
665
356
335
643
697
431
316
590
709
506
311
521
742
562
291
444
728
613
307
417
723
616
291
363
700
660
342
342
656
688
403
314
603
706
468
289
518
744
544
261
436
748
603
284
397
740
641
295
368
711
665
316
323
664
688
382
302
621
724
469
285
541
710
514
274
461
756
592
294
412
744
623
283
368
725
668
323
329
688
686
363
312
639
720
435
282
558
740
510
287
483
746
583
268
413
746
622
282
377
734
655
301
346
692
685
341
326
653
695
415
335
583
634
452
370
521
597
508
359
478
621
552
365
436
596
569
366
424
601
599
416
430
613
624
438
397
575
617
464
390
557
636
516
398
513
644
534
359
461
653
555
324
447
725
669
320
352
693
706
386
322
625
715
443
277
552
742
520
287
474
739
580
262
394
738
618
276
374
729
660
310
351
690
685
366
317
637
704
424
293
566
733
501
287
494
745
581
277
416
728
603
270
372
712
622
260
315
655
608
256
215
534
571
277
162
464
606
373
183
418
651
466
193
374
690
554
233
352
707
607
259
343
706
666
330
345
686
722
408
328
627
727
476
305
556
745
510
365
527
670
545
388
485
609
574
398
449
602
609
416
445
569
591
456
419
559
600
503
338
529
577
525
360
518
597
548
308
449
571
566
395
455
582
612
426
401
552
607
442
401
560
561
504
370
535
589
545
370
505
521
535
365
470
577
576
418
481
583
582
398
446
570
615
454
380
555
583
501
374
547
622
547
341
510
595
559
388
505
662
596
364
439
589
608
405
442
4554
612
473
4
430
582
619
509
370
513
609
544
407
520
569
547
345
488
585
581
353
452
579
612
385
453
554
612
473
4
430
582
619
509
370
513
609
544
407
520
569
547
345
488
585
581
353
452
579
612
385
453
554
612
473
406
548
581
496
410
549
640
545
374
519
594
558
370
487
489
535
379
475
547
584
384
438
504
574
439
401
541
615
500
460
575
583
519
404
540
586
546
297
482
599
579
377
489
590
596
360
441
579
598
450
457
569
641
475
391
563
623
532
384
530
539
534
383
515
584
569
397
496
541
565
390
464
601
623
439
474
580
596
465
430
558
601
510
350
536
591
541
362
523
615
572
332
493
600
580
377
458
609
600
397
386
510
548
383
362
487
510
425
320
479
515
460
335
480
513
496
340
470
566
548
416
474
557
557
378
447
557
604
435
416
575
603
462
389
569
622
547
381
544
654
563
406
532
634
596
375
497
578
605
426
492
615
610
432
447
545
596
472
437
593
595
527
438
570
636
554
404
533
587
563
358
499
620
587
423
471
586
599
387
426
523
610
460
420
586
645
519
421
546
615
544
389
523
554
552
405
514
642
585
379
476
577
586
374
456
559
589
410
457
536
616
479
411
576
613
541
372
533
637
564
434
533
585
564
387
495
580
580
359
442
545
614
391
431
546
611
464
406
555
591
521
426
550
658
554
338
495
582
557
358
484
491
550
384
477
564
596
402
457
555
590
453
421
578
641
519
448
553
568
523
389
526
573
540
281
468
595
571
373
469
590
607
379
436
585
609
458
450
563
651
508
395
561
630
537
396
538
556
543
375
502
566
567
403
499
544
585
423
480
619
626
430
475
604
600
485
432
556
606
521
354
527
580
547
366
512
597
568
334
471
579
584
409
475
605
618
416
412
547
612
454
427
552
579
515
390
541
586
543
387
517
547
551
391
494
603
578
444
490
577
575
403
450
564
601
453
402
563
587
499
377
546
609
536
351
527
632
582
396
510
610
576
375
472
534
581
408
458
595
585
419
426
525
585
458
408
571
585
529
422
536
608
558
382
510
574
567
349
476
605
584
429
457
564
599
414
429
531
604
492
406
571
633
517
405
528
581
531
358
477
502
497
343
426
560
511
286
355
454
468
287
344
454
489
327
350
458
514
437
320
487
527
476
285
471
584
540
413
498
517
541
360
455
563
596
320
439
553
627
434
446
564
625
526
401
579
615
565
454
574
691
609
371
534
627
609
391
507
533
591
419
497
591
632
458
471
603
617
498
446
613
681
578
486
593
605
578
439
558
606
596
325
506
584
604
384
491
612
633
428
448
601
633
482
477
590
674
538
400
563
633
557
390
534
552
562
358
507
571
585
412
489
554
587
435
460
576
623
459
462
582
599
509
431
572
630
556
361
534
593
562
358
503
607
588
340
469
614
595
413
458
584
627
443
435
573
623
478
428
574
608
539
405
554
575
555
396
525
558
565
434
508
613
593
398
478
603
607
377
451
595
629
491
430
598
615
530
382
538
591
534
346
505
625
574
387
487
577
571
393
468
533
577
436
451
598
623
464
437
577
625
525
428
576
607
555
442
548
619
572
387
509
581
568
316
452
596
576
441
463
549
579
431
415
545
593
496
375
555
619
523
371
515
588
556
346
493
538
557
416
500
657
599
359
455
595
597
440
440
515
571
459
430
573
602
510
367
529
546
519
333
485
601
559
447
511
542
561
424
484
567
587
352
415
567
618
471
438
574
624
534
383
553
607
556
439
548
661
583
326
474
599
568
372
457
486
536
338
431
546
592
450
438
577
596
471
402
570
633
546
441
560
589
570
430
537
593
583
320
485
557
602
387
460
601
614
422
422
574
611
436
424
568
654
541
387
548
636
570
387
517
534
555
349
488
548
570
392
460
550
571
432
444
549
604
471
459
577
599
507
420
557
615
544
346
510
948
614
635
462
452
584
634
512
415
577
598
522
2
386
544
624
574
360
518
586
581
348
474
608
612
397
448
614
635
462
452
584
634
512
415
577
598
522
2
386
544
624
574
360
518
586
581
348
474
608
612
397
448
614
635
462
452
584
634
512
415
577
598
522
2
386
544
624
574
360
518
586
581
348
474
608
612
397
448
614
635
462
452
584
634
512
415
577
598
522
396
552
604
544
366
519
564
571
375
490
564
581
422
470
583
608
417
441
585
600
450
397
574
616
510
402
558
596
532
345
514
588
555
327
492
605
579
386
465
562
601
389
435
546
581
407
426
568
626
490
382
556
601
529
372
529
554
537
375
507
574
574
363
479
523
570
375
440
575
615
455
451
558
582
477
394
562
588
512
330
532
610
544
352
515
577
566
327
476
581
585
413
478
620
627
401
425
581
624
454
397
565
570
505
392
561
600
543
365
522
560
548
348
491
623
595
431
490
568
591
412
453
566
605
432
383
557
600
513
394
563
621
550
351
526
601
558
382
525
630
589
351
458
593
592
381
438
566
580
410
416
596
610
505
410
578
602
527
390
545
601
548
403
502
545
543
373
484
602
595
375
436
571
603
401
414
576
612
485
382
577
622
517
380
547
630
550
348
508
571
556
365
489
572
577
373
451
540
591
412
434
563
589
438
415
575
615
501
386
555
591
524
345
507
600
557
351
490
561
564
323
445
546
581
377
422
576
606
431
403
559
607
478
376
548
594
514
387
530
598
549
350
512
574
571
375
491
570
594
386
454
575
604
392
425
591
605
464
386
576
624
522
406
559
602
554
375
528
587
570
331
490
594
603
383
468
568
613
383
427
570
605
453
429
592
646
522
349
530
577
514
331
477
481
499
324
454
530
535
312
420
505
555
359
406
549
600
426
431
551
558
475
387
555
592
520
327
520
604
562
354
516
591
578
333
467
577
596
417
475
605
631
420
419
594
638
477
406
584
590
531
390
568
617
570
392
534
567
571
385
499
607
612
439
491
594
604
421
445
574
614
457
384
572
610
527
398
562
625
554
350
523
599
578
387
509
642
616
392
487
612
619
419
453
591
605
455
421
599
615
520
414
572
591
537
398
553
615
574
413
521
579
584
359
480
594
602
408
436
575
613
413
422
589
624
508
389
564
618
531
396
540
607
544
354
510
556
566
376
484
615
596
390
463
559
601
396
440
592
603
463
429
591
624
519
396
553
605
552
351
519
606
575
394
507
576
581
356
461
558
607
406
435
540
612
452
417
579
607
506
385
560
581
542
404
548
640
582
361
503
584
582
360
469
551
592
385
458
541
602
408
416
557
593
495
384
579
640
543
434
556
581
551
355
496
546
527
244
391
504
510
277
353
463
502
294
319
481
514
386
354
522
583
467
301
482
560
501
319
479
498
529
362
489
576
577
376
466
558
591
423
442
605
637
459
467
605
615
530
434
603
642
574
369
558
627
590
386
536
632
618
378
486
634
633
447
492
616
662
482
441
619
667
524
439
602
610
553
405
564
615
574
403
544
582
596
423
516
624
633
449
507
621
626
445
457
589
627
478
397
587
612
531
384
554
625
565
357
522
625
582
402
517
662
622
409
463
574
596
409
433
592
600
451
413
581
602
503
420
591
622
548
446
573
651
565
415
523
617
566
356
476
654
596
384
459
770
697
342
363
721
727
406
335
667
758
462
312
576
754
522
286
492
751
585
281
418
755
631
287
384
737
661
302
349
708
690
369
332
672
729
437
315
600
753
502
280
510
759
557
275
433
746
568
317
428
624
559
347
414
564
580
386
397
553
586
463
364
541
562
488
391
512
631
534
324
462
584
553
355
447
507
550
366
441
551
585
410
411
563
565
464
369
545
619
524
443
536
562
534
384
495
566
569
299
450
578
605
389
464
574
606
435
405
558
604
487
434
586
666
5
402
468
663
620
341
416
576
599
406
399
531
557
480
394
545
590
506
5
361
518
581
555
292
468
559
566
402
468
663
620
341
416
576
599
406
399
531
557
480
394
545
590
506
360
506
549
521
331
492
621
582
444
499
545
579
430
472
589
610
401
414
544
615
481
402
581
634
533
361
543
620
563
417
535
676
597
355
503
654
628
415
476
554
579
392
430
571
592
450
406
567
559
467
375
527
598
513
402
507
559
538
362
480
586
576
339
444
557
591
412
432
590
612
449
414
574
635
491
394
549
628
505
330
470
569
509
325
448
503
511
306
426
503
539
383
416
520
546
413
420
562
606
436
410
556
592
504
369
536
634
562
377
522
597
584
339
483
612
602
390
466
652
646
447
478
593
650
495
442
618
626
525
435
568
647
549
390
542
611
577
374
515
593
599
455
519
627
616
422
471
600
616
413
419
578
650
499
450
600
647
548
404
558
641
574
349
506
631
589
366
478
592
606
344
449
578
603
407
450
607
654
481
399
567
622
505
395
546
560
535
387
523
595
579
365
486
546
572
379
462
611
623
446
454
562
583
440
424
570
618
500
349
544
623
533
364
517
591
564
323
471
570
575
431
490
638
622
388
424
576
602
403
406
562
576
469
384
557
603
516
357
512
563
542
365
509
629
566
435
500
576
575
416
456
568
594
421
398
537
605
483
396
572
613
513
346
540
613
550
380
514
649
578
338
473
625
623
423
473
594
588
389
427
571
601
444
410
589
594
504
393
540
614
545
399
523
598
565
374
500
619
596
401
474
590
597
348
410
596
617
449
397
569
633
524
416
567
632
537
390
526
601
560
385
502
618
589
376
475
560
587
380
444
579
593
441
462
583
635
500
406
570
623
540
360
515
632
554
391
519
589
565
332
455
565
581
369
459
594
611
431
442
588
623
491
424
585
605
528
400
558
661
544
353
500
584
541
332
452
502
517
321
387
473
504
291
348
446
511
352
310
470
560
435
371
494
524
459
319
485
572
521
245
448
585
573
359
469
560
594
356
436
596
616
453
464
609
687
509
387
574
654
559
398
564
581
568
395
547
620
606
397
509
596
623
419
489
652
671
464
504
632
648
522
473
608
652
549
382
571
630
579
398
553
642
599
351
513
629
612
427
503
654
652
444
457
606
651
456
453
586
606
514
408
576
618
536
391
547
592
567
382
512
641
610
458
511
600
600
415
464
584
626
433
405
584
622
499
389
573
630
536
365
543
635
575
390
512
655
593
369
478
585
596
411
465
606
595
405
418
555
602
478
429
589
614
519
417
562
634
553
399
538
611
579
354
495
644
600
415
467
602
622
397
443
566
618
479
405
578
647
513
416
555
623
554
375
522
586
563
400
512
642
592
365
461
562
594
361
441
571
589
427
432
586
624
494
399
559
613
516
333
516
626
565
407
520
589
567
349
467
571
587
354
427
542
596
367
402
536
600
477
387
555
585
507
389
535
649
560
327
493
593
578
360
481
512
561
368
461
560
595
388
429
553
590
440
392
557
633
518
437
567
578
532
373
521
580
556
273
465
583
579
355
454
566
594
369
423
571
597
455
438
557
643
499
367
567
635
541
363
523
548
546
338
498
572
574
379
484
553
574
404
452
602
620
415
449
589
602
490
416
566
612
521
343
526
589
548
339
495
589
566
320
473
605
588
396
456
602
622
419
418
563
617
449
408
556
588
509
380
544
600
550
374
516
565
560
375
498
602
592
417
472
599
589
403
443
576
613
447
399
571
613
502
357
541
614
538
340
517
636
569
381
501
610
581
377
469
550
581
398
445
593
597
426
410
546
594
470
393
561
597
525
408
531
625
558
374
508
593
572
333
467
606
587
416
444
570
585
411
419
550
618
500
400
572
643
518
397
549
611
539
354
500
539
546
375
480
635
590
359
447
577
587
385
429
570
587
419
424
245
496
522
480
361
565
560
541
376
608
691
536
130
243
470
427
185
326
619
635
425
377
604
597
276
186
505
716
589
283
453
632
477
282
500
672
470
198
385
679
599
240
285
495
498
256
343
662
639
330
281
559
619
391
229
556
687
549
285
447
604
536
315
489
704
590
233
338
636
584
333
512
776
758
434
298
586
602
400
247
455
568
469
295
481
564
499
275
468
640
540
268
389
593
604
393
405
586
564
349
302
569
618
456
318
548
613
480
332
530
609
539
296
488
630
585
319
427
591
598
351
431
637
589
396
394
615
605
495
380
543
590
567
497
686
666
570
368
481
571
552
302
470
700
580
298
388
631
597
368
368
627
574
408
334
614
638
458
358
568
712
543
349
532
630
604
354
452
625
564
316
445
658
625
394
425
597
559
390
410
648
670
522
384
591
734
540
320
548
712
614
351
483
744
660
375
487
670
588
315
377
630
653
429
398
623
618
446
347
570
636
486
345
546
696
559
315
496
678
594
284
417
636
617
332
417
605
587
387
392
611
607
453
303
542
619
500
371
552
597
562
327
451
585
585
313
433
584
578
346
429
620
613
365
382
628
671
503
402
574
635
519
331
573
630
561
316
515
606
578
333
511
653
620
361
463
705
637
360
392
666
682
442
406
659
734
492
323
584
772
565
310
527
824
662
309
455
822
688
328
404
766
707
358
402
729
716
412
385
668
722
470
331
581
697
526
354
558
750
605
360
511
745
611
326
463
759
687
351
415
714
704
402
369
658
704
445
314
605
761
556
382
572
731
551
295
464
725
596
287
429
734
637
319
408
660
646
393
422
626
617
428
357
588
643
492
331
497
579
547
344
505
647
586
366
503
632
598
322
432
631
617
415
428
615
596
467
450
688
676
537
358
603
662
512
310
467
620
632
392
484
603
572
356
418
623
605
358
394
640
636
407
373
626
611
455
369
562
622
502
333
523
691
569
321
469
661
598
361
453
699
692
453
448
583
558
344
320
581
620
425
341
565
653
506
336
578
658
557
322
470
671
586
352
467
645
613
371
441
624
603
443
431
618
645
523
368
571
604
529
328
560
678
595
369
482
617
606
385
507
668
635
341
421
609
657
416
426
664
658
492
394
662
694
546
392
600
704
588
403
588
757
599
296
449
592
588
297
447
605
600
361
400
595
587
450
374
597
673
574
431
564
568
574
354
512
656
585
339
499
736
627
346
469
643
600
373
338
554
635
488
439
567
658
534
359
535
641
554
342
509
538
555
308
464
594
581
348
490
654
594
382
385
576
667
497
432
583
580
478
383
535
647
550
307
507
558
526
332
510
642
573
310
420
648
637
456
556
683
774
523
300
456
541
422
312
497
600
521
328
472
550
537
360
442
554
556
378
440
621
619
379
422
590
619
464
419
537
642
508
362
541
613
498
293
470
595
526
297
439
621
555
378
446
591
605
370
413
549
585
410
378
557
560
481
365
579
578
494
337
507
557
515
366
510
666
592
401
465
582
576
334
425
616
600
388
404
565
599
447
368
588
646
527
347
517
636
534
361
499
612
562
360
457
531
554
387
460
680
654
409
401
567
583
431
360
543
597
517
428
549
619
507
359
526
610
556
316
485
683
638
464
483
613
626
451
421
581
640
487
370
587
648
511
384
577
629
539
311
511
600
564
434
564
804
696
386
414
549
524
335
390
513
557
416
396
543
582
493
398
560
583
517
341
513
610
553
447
531
566
570
396
440
583
582
320
418
579
622
410
394
558
596
474
296
522
608
535
412
505
636
531
291
478
609
541
348
456
538
562
312
444
628
676
496
442
511
519
396
353
541
623
503
442
550
589
519
360
481
585
554
290
455
567
589
357
432
593
593
394
408
567
593
420
390
542
630
489
347
524
618
522
352
488
540
549
352
479
538
550
338
425
576
570
413
428
550
616
470
460
571
56573
404
587
614
383
378
580
635
472
5
377
520
616
527
359
505
635
542
342
471
631
592
399
452
589
576
373
404
587
614
383
378
580
635
472
5
377
520
616
527
359
505
635
542
342
471
631
592
399
452
589
576
373
404
587
614
383
378
580
635
472
369
553
635
501
328
512
623
552
367
492
669
588
328
431
627
608
377
441
599
600
409
419
584
617
448
375
563
639
497
352
515
626
510
343
461
541
458
263
368
490
455
218
289
454
477
279
281
475
519
355
297
488
557
429
325
503
618
499
328
490
638
555
341
486
623
588
371
459
634
607
412
439
627
656
462
432
619
678
524
444
596
670
554
424
561
665
576
378
537
665
611
370
483
649
627
422
455
663
635
435
447
643
665
507
417
604
660
543
393
550
653
572
382
530
650
597
395
511
653
617
430
454
648
638
434
448
625
650
483
413
598
658
510
372
558
661
571
357
507
641
584
363
497
662
588
377
443
629
620
409
426
628
621
448
414
594
661
525
398
542
642
508
363
528
639
570
380
505
665
604
400
484
614
601
383
429
626
627
420
422
607
644
479
382
556
638
509
370
529
638
543
342
499
632
580
338
465
625
584
389
454
659
635
395
380
591
646
462
395
575
620
473
370
546
637
519
341
479
599
543
322
451
616
572
384
444
573
581
399
409
564
600
407
352
566
634
500
366
543
628
503
325
496
623
564
371
496
666
599
355
433
629
608
386
440
590
622
404
383
603
620
473
386
573
638
512
370
525
658
547
388
514
631
579
384
471
638
604
370
439
619
621
418
421
609
649
483
381
576
652
517
395
557
676
566
370
517
664
576
369
490
628
600
381
463
606
599
407
425
607
628
447
405
584
633
483
376
537
625
513
358
518
656
570
349
475
631
597
352
449
622
589
363
419
609
614
406
394
568
628
466
359
541
641
525
392
530
664
570
373
506
626
565
367
482
616
591
411
448
622
627
422
421
623
635
441
385
581
651
487
396
552
649
535
371
499
640
561
370
489
645
585
389
451
647
615
394
446
642
639
420
414
607
658
486
394
589
675
486
378
561
645
526
375
506
655
573
372
473
643
593
381
437
648
606
396
406
613
624
430
387
592
636
479
353
532
645
517
368
503
646
552
335
474
643
576
378
434
633
603
391
398
608
612
420
386
584
622
458
380
560
648
493
370
508
619
538
351
459
627
570
377
441
609
580
360
392
590
628
427
375
588
626
465
369
555
642
498
349
509
646
531
364
492
642
558
342
438
618
602
384
432
634
610
408
388
586
621
440
375
580
636
496
365
520
641
523
389
503
647
556
348
458
637
580
375
421
609
595
369
387
608
608
437
382
575
654
480
362
526
635
509
353
510
640
540
354
472
632
569
362
429
612
596
365
409
619
622
413
402
596
635
460
375
553
630
509
355
508
643
534
363
458
620
564
358
447
612
593
379
416
589
613
413
394
577
632
475
386
562
623
501
368
512
661
544
348
476
624
556
353
435
572
593
359
420
587
609
395
391
569
618
435
351
543
632
489
389
531
622
522
361
486
613
579
324
456
625
610
377
444
610
595
390
386
583
622
442
383
562
648
487
362
541
645
536
363
519
603
565
361
483
635
577
361
452
586
587
385
413
614
629
431
417
594
615
462
366
543
649
516
331
506
614
544
338
479
626
565
346
456
626
594
381
416
608
628
439
400
583
632
452
365
555
619
498
350
524
618
532
332
482
616
561
367
471
637
605
382
427
603
600
383
392
591
628
444
380
585
635
493
341
531
620
529
333
497
651
564
373
480
644
584
352
421
588
587
406
407
602
619
439
382
570
635
487
354
534
635
515
370
506
637
517
349
476
634
585
340
441
643
596
398
419
591
617
417
393
591
627
465
373
551
653
500
348
510
634
540
347
486
596
560
357
455
645
603
385
440
637
620
405
399
590
614
441
387
565
621
494
5
636
293
437
807
681
6
321
377
760
737
409
415
681
714
418
313
635
792
498
283
544
792
591
305
505
835
636
293
437
807
681
324
1
377
760
737
409
415
681
714
418
313
635
792
498
283
544
792
591
305
505
835
636
293
437
807
681
324
389
750
656
314
342
690
730
400
322
645
801
533
337
599
864
568
248
483
798
622
300
445
784
625
271
413
776
719
322
349
741
758
421
346
660
792
500
363
608
765
497
267
485
793
594
264
431
812
646
285
431
789
696
342
391
773
746
409
377
697
750
435
297
590
776
511
275
502
786
570
272
464
834
660
297
441
809
691
326
437
786
727
349
323
689
762
434
341
650
788
500
294
561
804
567
285
502
853
636
275
424
774
645
277
376
784
706
315
320
699
730
414
318
641
765
458
279
549
789
546
264
486
804
603
267
421
822
672
279
391
768
693
314
351
735
741
386
317
636
752
438
312
613
821
546
328
581
886
657
377
578
914
735
368
473
839
750
389
468
856
815
426
381
743
822
476
356
667
806
490
297
577
862
604
307
514
846
676
330
450
820
697
294
387
790
738
365
365
718
769
450
345
649
790
478
307
614
838
560
269
497
841
610
262
452
802
645
260
388
799
734
339
377
757
755
359
297
640
788
475
293
568
819
584
281
494
841
630
285
469
811
580
225
397
856
777
374
398
774
763
502
487
847
811
363
197
574
835
525
287
556
894
651
332
529
866
717
343
436
844
714
348
460
865
776
382
407
812
867
489
376
693
820
505
301
585
861
588
292
519
898
694
325
505
879
715
386
482
807
743
375
383
775
839
481
403
743
888
540
359
684
942
696
396
529
868
668
320
491
883
751
401
500
891
797
380
425
844
848
431
390
754
879
551
416
701
835
596
354
602
904
687
341
497
941
761
399
566
966
742
250
324
764
793
424
376
742
842
503
399
714
909
572
286
538
841
629
315
508
880
698
312
438
871
752
330
373
794
771
340
323
711
788
416
317
658
844
527
311
609
847
502
191
423
820
666
289
400
794
641
241
368
786
710
262
313
718
727
320
235
656
843
459
189
511
764
508
231
478
816
615
205
383
802
653
248
379
797
673
254
324
756
764
367
315
705
823
457
285
618
843
540
274
522
841
615
249
463
857
645
262
384
814
723
300
378
804
763
287
289
748
860
438
322
687
851
532
291
564
859
605
278
501
897
701
318
479
891
741
309
384
830
776
352
354
772
834
394
307
688
847
487
256
569
853
605
286
512
852
647
259
391
842
665
242
370
817
748
336
378
809
818
410
282
688
821
472
261
592
858
558
278
550
868
638
289
518
961
793
301
401
896
762
300
330
797
816
397
331
737
862
492
326
647
889
616
388
642
910
631
270
464
896
743
303
478
886
759
359
431
870
845
441
381
793
889
505
403
754
940
586
342
645
953
689
322
508
898
722
321
524
963
809
384
455
899
837
409
473
856
815
393
331
717
872
554
360
646
891
611
309
571
957
700
303
492
945
752
326
445
892
806
387
431
828
834
478
419
779
945
589
355
646
892
573
295
578
926
721
302
503
921
748
320
451
904
789
354
425
885
837
413
384
776
849
486
347
710
954
585
323
574
883
629
318
541
956
745
299
444
885
739
305
406
850
761
347
344
779
839
422
266
656
843
480
243
575
868
596
251
487
881
663
237
424
915
740
267
370
849
785
336
377
800
816
400
329
720
887
500
291
639
935
604
279
541
928
648
271
495
919
762
325
467
914
791
330
390
856
851
409
347
782
915
523
333
675
900
574
285
605
931
654
276
514
940
742
306
433
876
744
271
360
838
830
381
352
792
849
451
312
682
910
526
262
594
932
636
267
476
886
685
280
451
905
740
278
389
844
769
318
330
793
841
431
307
667
857
503
265
627
948
633
300
555
888
652
234
446
905
720
270
401
873
764
293
341
815
833
393
280
683
823
52
0
125
1023
937
18
54
932
34
868
1008
255
2
657
1023
453
0
451
1023
636
0
303
1023
749
0
206
1023
852
0
125
1023
937
18
54
932
997
68
1008
255
2
657
1023
453
0
451
1023
636
0
303
1023
749
0
206
1023
852
0
125
1023
937
18
54
932
997
68
1008
255
2
657
1023
453
0
451
1023
636
0
303
1023
749
0
206
1023
852
0
125
1023
937
18
54
932
997
204
9
719
1022
399
0
504
1023
594
0
332
1023
721
0
232
1023
824
0
140
1023
913
0
69
980
981
142
14
769
1020
347
0
557
1023
544
0
371
1023
690
0
254
1023
794
0
166
1023
890
0
85
1023
965
95
28
831
1013
286
0
619
1023
488
0
420
1023
656
0
284
1023
770
0
187
1023
866
0
103
1023
942
37
37
883
1005
233
2
666
1023
430
0
458
1023
621
0
314
1023
730
0
212
1023
828
0
113
1023
900
0
36
879
966
108
1
664
1014
307
0
466
1023
523
0
306
1023
676
0
210
1023
786
0
132
1023
888
0
68
986
970
110
16
783
1018
318
0
584
1023
516
0
385
1023
686
0
267
1023
794
0
175
1023
880
0
94
1023
959
81
29
861
1014
278
1
653
1023
471
0
452
1023
658
0
305
1023
762
0
201
1023
857
0
117
1023
942
34
49
926
1004
220
9
716
1023
414
0
502
1023
606
0
334
1023
735
0
232
1023
833
0
139
1023
917
0
69
975
990
172
13
746
1021
353
0
558
1023
553
0
370
1023
698
0
248
1023
806
0
165
1023
900
0
88
1023
973
114
26
829
1018
302
0
620
1023
498
0
422
1023
671
0
285
1023
789
0
197
1023
877
0
112
1023
955
70
41
882
1012
255
4
675
1023
447
0
464
1023
634
0
313
1023
750
0
199
1023
844
0
126
1023
930
9
55
939
995
195
8
718
1022
391
0
516
1023
587
0
339
1023
722
0
239
1023
821
0
148
1023
912
0
74
995
981
139
17
780
1020
332
0
574
1023
539
0
383
1023
693
0
262
1023
799
0
176
1023
887
0
92
1023
963
88
32
840
1014
283
1
637
1023
481
0
433
1023
662
0
293
1023
770
0
196
1023
859
0
112
1023
942
34
42
907
1004
226
5
696
1023
431
0
502
1023
626
0
327
1023
745
0
229
1023
839
0
136
1023
928
0
60
963
994
174
11
746
1022
366
0
542
1023
577
0
363
1023
719
0
250
1023
813
0
156
1023
898
0
81
1019
973
118
21
809
1019
320
0
603
1023
522
0
406
1023
690
0
275
1023
794
0
186
1023
883
0
107
1023
959
78
40
886
1014
279
5
670
1023
472
0
459
1023
654
0
308
1023
764
0
208
1023
858
0
120
1023
939
20
51
929
1001
213
8
718
1023
406
0
507
1023
598
0
336
1023
728
0
233
1023
828
0
139
1023
915
0
72
981
987
161
17
778
1021
355
0
573
1023
554
0
376
1023
707
0
259
1023
801
0
165
1023
893
0
87
1023
969
100
28
834
1016
298
0
626
1023
490
0
417
1023
669
0
285
1023
773
0
187
1023
864
0
104
1023
943
41
41
884
1006
240
4
683
1023
434
0
470
1023
619
0
310
1023
740
0
212
1023
842
0
129
1023
926
0
54
943
993
178
9
732
1022
368
0
521
1023
567
0
338
1023
707
0
231
1023
809
0
143
1023
899
0
72
999
976
120
19
789
1019
317
0
578
1023
519
0
386
1023
681
0
260
1023
782
0
165
1023
872
0
87
1023
957
67
32
858
1013
267
1
646
1023
472
0
441
1023
649
0
287
1023
755
0
198
1023
853
0
116
1023
938
20
47
913
1001
215
7
708
1023
414
0
492
1023
601
0
329
1023
738
0
221
1023
831
0
135
1023
916
0
62
969
990
166
13
761
1022
359
0
545
1023
557
0
363
1023
704
0
250
1023
808
0
153
1023
888
0
81
1020
964
107
22
817
1016
299
0
600
1023
498
0
403
1023
670
0
271
1023
767
0
173
1023
868
0
97
1023
950
52
33
875
1007
246
2
665
1023
442
0
452
1023
626
0
296
1023
746
0
204
1023
840
0
118
1023
936
1
51
930
997
185
4
700
1021
366
0
470
1023
535
0
285
1023
670
0
181
1023
781
0
106
1023
882
0
52
945
969
102
9
748
1016
311
0
559
1023
530
0
368
1023
692
0
252
1023
795
0
166
1023
892
0
87
1023
966
88
23
835
1023
789
0
153
1023
893
0
70
08
0
56
1023
980
37
6
820
1020
264
0
596
1023
494
0
377
1023
678
0
256
1023
789
0
153
1023
893
0
70
1023
963
0
16
898
1016
218
0
662
1023
445
0
437
1023
637
0
285
1023
757
0
178
1023
862
0
95
1023
946
0
35
985
1010
160
0
734
1023
389
0
490
1023
587
0
306
1023
728
0
211
1023
837
0
130
1023
929
0
47
1019
997
96
2
801
1023
340
0
561
1023
548
0
360
1023
705
0
241
1023
814
0
136
1023
904
0
68
1023
983
32
7
848
1020
256
0
622
1023
482
0
425
1023
659
0
252
1023
786
0
158
1023
878
0
72
1023
957
0
16
895
1016
203
0
674
1023
430
0
424
1023
615
0
273
1023
742
0
194
1023
861
0
100
1023
939
0
34
966
1009
156
0
762
1023
383
0
515
1023
588
0
338
1023
720
0
218
1023
835
0
134
1023
924
0
54
1023
999
100
8
830
1022
301
0
565
1023
526
0
363
1023
705
0
251
1023
805
0
144
1023
909
0
68
1023
981
19
11
875
1022
251
0
636
1023
483
0
411
1023
661
0
269
1023
778
0
175
1023
878
0
92
1023
963
0
21
946
1015
185
0
670
1023
400
0
460
1023
621
0
294
1023
741
0
186
1023
850
0
109
1023
944
0
42
1017
1006
123
0
774
1023
363
0
536
1023
574
0
321
1023
706
0
199
1023
807
0
108
1023
898
0
43
1023
987
49
3
802
1022
276
0
590
1023
524
0
374
1023
696
0
249
1023
798
0
157
1023
903
0
92
1023
983
48
24
916
1022
278
0
710
1023
491
0
488
1023
725
0
337
1023
820
0
210
1023
901
0
118
1023
980
0
46
1023
1020
218
3
806
1023
452
0
547
1023
663
0
371
1023
814
0
287
1023
872
0
165
1023
970
0
90
1023
1022
250
28
899
1023
483
1
660
1023
617
0
410
1023
698
0
217
1023
823
0
160
1023
941
0
78
1023
1004
140
18
880
1023
367
0
687
1023
589
0
482
1023
778
0
331
1023
853
0
180
1023
912
0
113
1023
994
119
54
1008
1023
327
3
741
1023
522
0
517
1023
742
0
383
1023
836
0
276
1023
930
0
171
1023
980
41
61
1023
1022
272
16
826
1023
495
0
630
1023
702
0
394
1023
822
0
284
1023
881
0
187
1023
974
22
93
1023
1015
209
22
892
1023
422
0
627
1023
634
0
445
1023
802
0
316
1023
864
0
203
1023
947
0
104
1023
1007
156
41
962
1023
399
6
740
1023
600
0
446
1023
729
0
333
1023
844
0
234
1023
947
0
157
1023
989
85
63
1023
1022
281
2
739
1023
508
0
533
1023
721
0
411
1023
828
0
253
1023
891
0
143
1023
971
14
56
1023
1016
248
11
813
1023
457
0
580
1023
640
0
404
1023
798
0
274
1023
853
0
164
1023
959
0
63
1023
1006
166
22
906
1023
377
0
628
1023
586
0
445
1023
739
0
278
1023
841
0
201
1023
918
0
98
1023
1004
142
28
905
1023
301
0
676
1023
549
0
457
1023
736
0
343
1023
822
0
200
1023
913
0
115
1023
979
20
41
992
1021
270
10
810
1023
476
0
494
1023
693
0
332
1023
788
0
233
1023
887
0
145
1023
964
5
75
1023
1010
152
4
799
1023
405
0
585
1023
618
0
403
1023
757
0
253
1023
877
0
175
1023
921
0
67
1023
994
106
15
852
1023
309
0
618
1023
502
0
375
1023
673
0
246
1023
777
0
120
1023
872
0
53
1023
957
0
4
808
1010
195
0
612
1023
439
0
390
1023
636
0
275
1023
746
0
191
1023
860
0
73
1023
950
0
25
944
1009
163
7
823
1023
356
0
495
1023
601
0
330
1023
742
0
209
1023
881
0
107
1023
937
0
61
1023
1006
173
12
810
1023
341
0
610
1023
569
0
334
1023
686
0
243
1023
796
0
153
1023
920
0
67
1023
1000
86
9
839
1019
248
0
602
1023
466
0
432
1023
673
0
287
1023
811
0
162
1023
874
0
80
1023
954
0
16
920
1018
256
1
715
1023
427
0
487
1023
655
0
278
1023
728
0
188
1023
860
0
99
1023
958
0
68
1023
1012
142
0
758
1023
389
0
487
1023
569
0
349
1023
769
0
224
1023
855
0
132
1023
920
0
71
1023
999
97
3
807
1022
309
0
612
1023
549
0
381
1023
704
0
307
1023
804
0
153
1023
927
0
73
1023
6
1023
756
0
126
1023
984
0
0
1023
1023
0
0
1023
1023
0
023
1023
0
0
1023
1023
0
0
843
1023
400
0
426
1023
756
0
126
1023
984
0
0
1023
1023
0
0
1023
1023
0
0
1023
1023
0
0
969
1023
275
0
518
1023
660
0
193
1023
933
0
10
1023
1023
0
0
1023
1023
0
0
1023
1023
0
0
1023
1023
151
0
638
1023
565
0
261
1023
872
0
42
1023
1022
0
0
1023
1023
0
0
1023
1023
0
0
1023
1023
53
0
783
1023
480
0
369
1023
805
0
86
1023
997
0
0
1023
1023
0
0
1023
1023
0
0
1023
1023
0
0
879
1023
346
0
448
1023
712
0
146
1023
962
0
0
1023
1023
0
0
1023
1023
0
0
1023
1023
0
0
1013
1023
231
0
564
1023
629
0
222
1023
911
0
16
1023
1023
0
0
1023
1023
0
0
1023
1023
0
0
1023
1023
145
0
702
1023
561
0
323
1023
863
0
64
1023
1019
0
0
1023
1023
0
0
1023
1023
0
0
1023
1023
0
0
814
1023
427
0
397
1023
770
0
111
1023
992
0
0
1023
1023
0
0
1023
1023
0
0
1023
1023
0
0
921
1023
308
0
485
1023
680
0
169
1023
947
0
4
1023
1023
0
0
1023
1023
0
0
1023
1023
0
0
1018
1023
151
0
549
1023
549
0
224
1023
870
0
22
1023
1020
0
0
1023
1023
0
0
1023
1023
0
0
1023
1023
56
0
718
1023
492
0
330
1023
818
0
69
1023
1009
0
0
1023
1023
0
0
1023
1023
0
0
1023
1023
0
0
850
1023
395
0
432
1023
749
0
132
1023
982
0
0
1023
1023
0
0
1023
1023
0
0
1023
1023
0
0
969
1023
280
0
533
1023
665
0
202
1023
936
0
12
1023
1023
0
0
1023
1023
0
0
1023
1023
0
0
1023
1023
158
0
653
1023
566
0
277
1023
872
0
40
1023
1021
0
0
1023
1023
0
0
1023
1023
0
0
1023
1023
16
0
756
1023
464
0
362
1023
799
0
88
1023
1003
0
0
1023
1023
0
0
1023
1023
0
0
1023
1023
0
0
882
1023
345
0
457
1023
701
0
149
1023
965
0
1
1023
1023
0
0
1023
1023
0
0
1023
1023
0
0
1020
1023
224
0
561
1023
631
0
235
1023
927
0
23
1023
1023
0
0
1023
1023
0
0
1023
1023
0
0
1023
1023
133
0
699
1023
552
0
311
1023
853
0
57
1023
1017
0
0
1023
1023
0
0
1023
1023
0
0
1023
1023
0
0
802
1023
431
0
390
1023
774
0
107
1023
994
0
0
1023
1023
0
0
1023
1023
0
0
1023
1023
0
0
965
1023
354
0
525
1023
719
0
190
1023
962
0
7
1023
1023
0
0
1023
1023
0
0
1023
1023
0
0
1023
1023
205
0
615
1023
612
0
256
1023
898
0
29
1023
1023
0
0
1023
1023
0
0
1023
1023
0
0
1023
1023
74
0
723
1023
504
0
337
1023
822
0
65
1023
1010
0
0
1023
1023
0
0
1023
1023
0
0
1023
1023
0
0
877
1023
416
0
454
1023
770
0
146
1023
989
0
0
1023
1023
0
0
1023
1023
0
0
1023
1023
0
0
990
1023
282
0
540
1023
666
0
207
1023
935
0
12
1023
1023
0
0
1023
1023
0
0
1023
1023
0
0
1023
1023
141
0
645
1023
557
0
282
1023
865
0
43
1023
1020
0
0
1023
1023
0
0
1023
1023
0
0
1023
1023
34
0
793
1023
478
0
390
1023
802
0
99
1023
1001
0
0
1023
1023
0
0
1023
1023
0
0
1023
1023
0
0
906
1023
337
0
474
1023
711
0
160
1023
962
0
1
1023
1023
0
0
1023
1023
0
0
1023
1023
0
0
1023
1023
217
0
585
1023
620
0
238
1023
905
0
22
1023
1023
0
0
1023
1023
0
0
1023
1023
0
0
1023
1023
99
0
710
1023
522
0
321
1023
833
0
59
1023
1013
0
0
1023
1023
0
0
1023
1023
0
0
1023
1023
0
0
837
1023
409
0
418
1023
761
0
121
1023
982
0
0
1023
1023
0
0
1023
1023
0
0
1023
1023
0
0
967
1023
299
0
523
1023
676
0
192
1023
941
0
9
1023
1023
0
0
1023
1023
0
0
1023
1023
0
0
1023
1023
171
0
635
1023
579
0
272
1023
877
0
39
1023
1020
0
0
1023
1023
0
0
1023
1023
0
0
1023
1023
38
0
758
1023
477
0
352
1023
804
0
84
1023
1003
0
0
1023
1023
0
0
1023
1023
0
0
1023
1023
0
0
885
1023
361
0
456
1023
721
0
147
1023
968
0
1
1023
1023
0
0
1023
1023
0
0
1023
1023
0
0
1011
1023
245
0
563
1023
635
0
220
1023
914
0
19
1023
1023
0
0
1023
1023
0
0
1023
1023
0
0
1023
1023
0
1023
1023
0
0
852
1023
58
0
460
1023
495
0
159
1023
820
0
8
1023
1008
0
0
1023
1023
0
0
1023
1023
0
1023
1023
0
0
852
1023
58
0
460
1023
495
0
159
1023
820
0
8
1023
1008
0
0
1023
1023
0
0
1023
1023
0
0
3
1023
0
0
852
1023
58
0
460
1023
495
0
159
1023
820
0
8
1023
1008
0
0
1023
1023
0
0
1023
1023
0
0
974
1023
0
0
569
1023
366
0
229
1023
727
0
35
1023
970
0
0
1023
1023
0
0
1023
1023
0
0
1023
1023
0
0
709
1023
246
0
333
1023
641
0
86
1023
916
0
0
1023
1023
0
0
1023
1023
0
0
1023
1023
0
0
822
1023
88
0
428
1023
515
0
140
1023
832
0
2
1023
1012
0
0
1023
1023
0
0
1023
1023
0
0
939
1023
0
0
532
1023
387
0
204
1023
738
0
25
1023
978
0
0
1023
1023
0
0
1023
1023
0
0
1023
1023
0
0
664
1023
250
0
298
1023
639
0
65
1023
921
0
0
1023
1023
0
0
1023
1023
0
0
1023
1023
0
0
812
1023
132
0
423
1023
555
0
138
1023
858
0
1
1023
1019
0
0
1023
1023
0
0
1023
1023
0
0
974
1023
1
0
548
1023
444
0
217
1023
785
0
28
1023
994
0
0
1023
1023
0
0
1023
1023
0
0
1023
1023
0
0
674
1023
300
0
297
1023
673
0
64
1023
939
0
0
1023
1023
0
0
1023
1023
0
0
1023
1023
0
0
785
1023
139
0
393
1023
558
0
120
1023
866
0
0
1023
1020
0
0
1023
1023
0
0
1023
1023
0
0
904
1023
0
0
506
1023
432
0
191
1023
780
0
18
1023
994
0
0
1023
1023
0
0
1023
1023
0
0
1023
1023
0
0
639
1023
305
0
279
1023
685
0
56
1023
946
0
0
1023
1023
0
0
1023
1023
0
0
1023
1023
0
0
770
1023
163
0
379
1023
580
0
113
1023
876
0
0
1023
1020
0
0
1023
1023
0
0
1023
1023
0
0
894
1023
4
0
489
1023
447
0
178
1023
789
0
13
1023
997
0
0
1023
1023
0
0
1023
1023
0
0
1019
1023
0
0
608
1023
308
0
257
1023
684
0
46
1023
945
0
0
1023
1023
0
0
1023
1023
0
0
1023
1023
0
0
731
1023
160
0
354
1023
578
0
102
1023
878
0
0
1023
1021
0
0
1023
1023
0
0
1023
1023
