993
651
536
2
367
436
653
587
374
411
638
608
379
384
609
610
392
358
589
638
443
355
542
648
494
348
493
651
536
2
367
436
653
587
374
411
638
608
379
384
609
610
392
358
589
638
443
355
542
648
494
348
493
651
536
346
433
653
596
367
386
644
614
385
379
617
626
411
364
590
652
453
358
545
667
515
359
501
665
547
355
451
661
589
362
410
650
628
386
395
634
637
419
380
603
654
457
366
557
664
497
351
509
671
547
351
456
663
587
356
400
646
610
371
387
626
624
394
369
590
635
430
358
559
654
484
351
511
665
538
353
465
662
581
356
418
654
606
362
384
631
623
396
374
609
642
432
361
569
651
475
352
519
657
522
348
476
671
577
360
434
660
605
366
393
640
618
386
379
619
648
422
356
570
642
460
345
523
648
508
341
476
650
542
341
432
659
597
360
393
636
617
384
384
621
633
417
362
584
647
453
354
545
659
507
356
493
663
553
351
443
657
588
358
407
647
610
373
382
624
636
411
370
592
642
441
357
553
657
495
348
498
658
536
338
439
648
576
350
411
657
617
380
398
639
632
397
368
596
638
434
360
570
661
488
355
517
668
536
355
465
665
584
361
423
653
603
364
387
635
619
387
367
603
639
425
359
578
655
473
354
527
659
519
348
481
670
572
357
435
659
612
373
401
645
628
398
393
632
654
428
369
591
657
467
360
543
663
519
352
488
666
559
354
441
666
606
365
398
642
616
390
389
633
645
413
371
592
648
455
355
546
660
506
352
499
660
545
352
447
653
582
352
396
634
602
361
371
617
623
393
366
596
644
442
360
558
666
498
357
508
664
535
345
463
673
595
370
433
672
634
389
404
649
643
410
382
620
658
444
368
581
669
498
364
532
677
543
357
477
675
582
348
423
662
619
374
397
641
626
391
381
623
648
427
365
575
656
466
361
536
662
514
337
452
629
527
305
382
593
527
287
311
534
507
271
264
495
521
303
246
467
538
347
253
441
573
430
267
416
601
495
295
386
611
554
325
370
618
605
373
376
619
640
418
382
609
678
480
383
584
698
539
390
545
705
594
391
491
709
635
401
449
684
658
415
428
665
676
451
422
645
691
484
401
604
705
535
389
542
697
573
385
492
695
619
394
449
684
642
399
421
665
663
435
406
634
675
467
396
598
681
504
378
542
678
538
365
500
670
571
369
454
669
607
376
411
653
633
404
408
632
643
430
381
593
655
468
371
553
665
513
373
510
672
570
372
468
661
589
377
435
651
602
384
413
630
621
413
396
607
639
449
376
559
646
487
359
513
647
526
356
471
656
577
375
454
656
594
380
424
633
611
404
400
618
649
450
366
561
658
496
356
523
659
535
364
474
660
570
354
420
654
626
389
399
647
649
415
384
616
668
468
374
574
677
518
370
526
684
563
371
481
684
606
374
428
667
632
399
415
660
652
412
386
615
655
438
366
571
662
485
350
518
660
540
354
476
673
582
368
435
672
624
376
412
655
650
413
394
631
656
436
373
583
657
468
345
527
664
520
348
474
662
569
355
424
658
609
369
412
654
625
386
376
617
634
408
356
576
648
455
348
537
663
508
349
478
649
552
337
430
656
600
362
400
645
626
378
381
622
631
415
370
591
653
460
363
551
669
512
363
505
669
552
354
452
665
584
355
408
654
622
382
385
634
627
398
377
605
655
447
365
563
665
493
345
502
667
542
348
454
665
586
360
419
658
615
377
393
639
631
396
373
610
648
438
359
561
651
474
346
502
653
521
336
454
658
568
347
417
650
607
369
395
640
628
398
384
620
648
433
365
579
659
471
348
518
659
519
349
476
666
564
356
436
660
610
367
394
642
620
382
364
613
634
408
354
577
648
459
345
531
654
508
349
486
661
558
349
431
656
598
358
401
648
622
378
378
618
633
407
370
593
651
452
347
541
656
505
352
495
661
548
351
447
656
586
357
411
647
616
373
377
622
629
399
360
594
643
436
352
552
656
488
346
506
664
541
349
460
665
591
364
420
661
620
377
398
639
631
399
375
614
649
442
367
580
665
483
351
524
677
536
352
472
669
576
356
424
660
617
376
397
643
631
392
379
618
647
425
361
578
656
473
349
528
662
520
349
477
664
569
355
433
661
604
364
397
643
621
381
368
604
622
397
347
569
638
451
345
532
660
511
345
475
653
546
339
431
652
587
352
391
630
610
371
374
617
631
407
361
589
650
443
339
541
652
485
348
485
654
544
335
442
661
588
354
395
659
627
385
389
633
632
403
383
612
663
456
370
563
659
495
349
518
671
551
356
462
669
589
363
422
668
621
383
395
642
627
388
389
608
630
427
378
586
647
467
368
543
647
503
361
496
644
529
351
458
635
558
368
435
627
585
392
425
600
573
388
400
571
577
416
386
554
597
463
378
519
613
504
379
481
632
551
373
450
632
578
383
429
614
588
400
413
598
597
432
407
577
614
473
402
537
621
513
398
505
622
544
392
473
611
564
398
447
606
573
410
439
579
577
427
421
581
598
452
362
524
668
541
352
461
650
570
350
417
643
591
370
391
634
633
411
380
606
650
445
361
562
629
465
398
553
613
488
408
524
605
519
412
485
595
549
410
462
594
567
409
448
598
580
416
428
588
596
447
409
571
629
480
385
514
626
504
350
438
579
495
312
362
506
449
278
316
473
452
295
316
471
483
346
334
482
513
401
351
484
553
469
381
474
567
522
405
479
611
576
423
471
602
584
443
467
589
590
468
460
588
607
498
454
568
609
527
443
544
642
576
446
520
665
611
435
492
680
645
436
443
642
646
461
434
610
662
507
418
570
675
551
417
532
669
574
406
488
667
601
405
464
658
614
423
446
631
624
439
424
608
641
480
410
566
651
518
399
522
663
557
395
489
661
591
397
450
642
602
410
431
626
618
420
386
580
637
464
374
551
628
486
399
531
609
518
424
506
608
552
413
467
601
560
395
444
611
589
406
400
606
672
475
361
540
671
520
349
484
672
575
360
439
670
614
366
408
660
636
387
384
623
646
418
371
591
654
458
355
546
666
512
357
502
674
558
350
442
663
605
370
416
657
626
390
393
636
642
418
376
603
659
458
363
558
664
503
353
507
667
545
349
452
662
595
366
419
663
624
387
400
640
642
415
382
612
653
450
366
566
663
498
356
514
671
542
350
470
667
584
354
423
651
593
373
429
619
576
400
454
596
575
410
429
562
570
430
397
541
588
472
415
523
604
509
368
468
654
580
357
392
638
623
393
383
624
647
433
371
590
663
482
358
542
668
522
358
487
663
563
350
442
655
570
370
453
644
583
392
446
617
586
415
437
586
585
415
408
556
571
446
402
536
586
489
406
503
577
529
401
476
575
552
404
455
573
567
435
457
560
570
456
447
555
567
477
444
538
579
513
427
520
550
511
413
493
540
551
433
472
544
560
422
456
545
566
432
442
550
581
483
461
558
566
495
428
525
551
507
388
490
551
541
417
475
556
568
432
465
561
575
454
462
552
586
486
444
556
588
496
432
526
541
495
420
503
544
546
432
495
556
567
454
476
552
573
438
462
556
572
467
446
560
578
497
440
545
578
528
431
528
568
548
430
499
576
570
433
473
547
568
458
465
552
568
456
455
551
577
497
446
549
560
498
430
525
550
543
447
508
559
564
435
479
548
578
430
458
544
586
459
462
556
549
483
436
539
561
492
405
523
560
522
419
497
545
554
406
459
510
529
408
425
502
524
387
357
463
466
346
292
399
404
358
286
389
419
394
307
393
423
438
331
382
461
490
358
399
481
506
378
403
498
538
431
409
528
546
492
421
535
570
527
434
532
593
581
473
522
592
601
481
512
590
610
489
507
597
627
525
495
604
613
525
480
576
609
562
503
577
641
604
486
545
639
627
470
520
645
633
479
506
643
638
486
477
627
654
519
454
594
671
556
424
535
682
604
396
470
696
667
424
426
660
657
445
441
644
658
462
413
607
656
493
417
563
640
520
426
542
643
556
423
503
642
589
420
479
644
610
440
476
629
616
454
448
614
617
466
425
565
617
494
419
535
632
539
417
496
636
573
414
474
633
570
399
442
617
592
414
424
601
630
450
399
571
646
505
384
520
652
545
381
483
650
572
376
446
641
584
395
437
631
610
415
428
607
620
444
403
572
624
478
392
526
626
516
378
485
633
555
384
459
624
565
413
467
629
601
438
470
633
627
472
472
620
643
504
458
586
637
531
446
538
646
564
434
505
643
593
435
479
641
604
425
459
629
616
442
446
608
631
483
432
572
638
514
418
526
644
547
411
485
633
578
414
463
637
595
417
450
614
597
421
432
602
616
458
425
569
624
492
404
524
627
528
388
482
625
561
402
463
626
578
406
453
615
587
412
436
604
611
449
417
568
609
478
410
526
608
510
411
490
616
547
397
459
609
565
405
442
597
565
405
439
593
600
454
441
572
589
448
387
504
560
448
352
438
538
457
328
385
528
474
317
367
516
497
341
371
536
541
390
386
539
562
435
389
519
586
479
394
493
597
530
398
468
605
562
400
445
600
572
406
438
592
576
417
421
571
588
445
413
547
602
481
401
514
615
526
401
478
610
549
400
450
604
560
404
438
596
579
422
423
572
581
449
410
549
588
475
410
524
613
528
410
480
599
552
396
446
602
553
394
435
593
565
403
429
589
589
439
420
572
615
479
422
536
613
521
413
498
616
551
402
466
620
568
401
448
614
584
420
450
607
600
437
421
573
606
470
409
537
610
493
401
495
635
544
372
451
641
571
388
442
635
596
392
358
587
651
464
358
543
663
511
354
493
665
559
347
443
663
602
362
408
652
629
380
385
634
641
412
375
598
656
451
357
549
666
508
361
509
671
551
358
451
665
596
360
419
653
623
385
399
637
644
418
392
626
674
464
381
582
690
526
387
546
698
570
374
488
692
606
373
441
681
637
396
409
655
653
415
398
637
672
459
385
593
679
505
374
542
683
541
362
481
679
592
372
440
671
620
378
400
646
638
401
377
617
646
428
367
583
659
480
364
544
686
541
364
492
673
573
355
435
662
608
369
408
659
629
389
384
625
645
421
370
592
653
461
358
546
669
518
354
494
665
555
352
441
662
598
362
402
648
625
380
379
626
639
407
370
599
655
450
363
566
642
474
397
558
660
520
376
502
657
548
373
457
652
570
376
441
638
586
386
412
613
596
402
398
588
618
442
376
541
624
476
374
488
609
499
320
403
565
474
273
327
520
447
251
286
466
438
250
258
445
461
293
258
425
491
357
273
411
533
429
294
397
563
491
318
393
576
527
346
403
599
569
387
411
601
611
442
416
584
633
488
413
547
644
534
412
514
663
579
407
482
661
599
420
470
660
626
444
473
657
647
465
455
620
657
499
436
573
668
546
427
534
666
584
425
497
661
601
422
474
659
613
420
453
638
623
437
435
602
627
470
411
561
642
515
410
524
650
556
406
487
654
583
403
460
642
588
402
435
622
603
417
426
602
623
461
421
571
641
507
409
526
647
542
402
486
641
567
387
447
631
582
403
445
632
602
408
419
604
612
451
421
581
638
501
419
545
658
548
422
518
663
586
408
478
657
601
418
467
649
618
427
451
623
629
453
423
586
635
499
422
554
649
534
411
506
641
562
400
468
645
581
396
442
626
590
403
434
617
604
435
428
592
634
493
433
573
657
540
423
527
653
573
419
491
658
594
418
467
647
609
416
450
630
617
431
428
606
632
475
418
566
641
514
416
523
650
558
408
484
651
578
403
458
644
598
412
450
628
603
416
424
592
609
451
7501
441
528
571
517
445
502
563
533
443
474
550
558
447
458
0
552
580
461
456
557
588
489
459
555
581
501
441
528
571
517
445
502
563
533
443
474
550
558
447
458
545
560
450
449
538
573
476
447
546
570
492
453
535
572
509
449
520
566
523
426
470
539
550
442
459
544
572
457
458
538
560
467
445
544
568
485
426
529
569
492
428
512
558
519
434
486
558
548
451
465
559
560
444
448
536
557
446
431
534
566
473
425
522
556
490
432
506
542
498
417
479
552
532
435
456
545
553
443
457
545
567
461
449
549
567
473
434
540
574
495
436
526
567
508
438
504
570
541
438
475
558
563
438
454
549
568
453
446
540
571
477
447
556
573
497
447
540
579
521
456
521
574
547
450
487
569
575
466
483
578
589
471
464
563
593
492
457
563
594
503
461
551
588
516
453
527
581
543
460
505
581
570
462
475
566
580
458
455
556
576
471
457
561
580
489
451
546
581
504
442
532
578
528
452
507
581
565
453
483
565
576
463
468
571
593
481
470
569
597
499
460
562
591
520
466
544
589
528
446
503
564
546
445
480
562
570
458
471
562
581
470
463
562
588
477
439
547
580
505
456
536
570
516
443
513
572
535
433
478
558
560
440
458
545
568
457
446
545
577
475
457
558
584
494
441
538
578
509
443
518
559
531
442
484
556
553
441
462
550
565
447
446
542
574
467
454
549
570
482
439
532
568
494
423
507
555
514
428
476
544
538
419
442
526
536
421
418
512
537
416
391
489
506
407
371
451
470
403
335
414
452
403
332
384
451
442
346
369
455
470
367
380
477
499
401
398
493
531
443
413
521
556
481
426
518
565
515
444
515
586
556
464
495
579
582
469
476
567
589
484
483
578
609
518
488
592
614
530
480
570
603
538
475
541
597
565
470
517
597
604
484
500
594
602
486
485
581
599
498
479
576
602
512
470
561
608
533
471
541
592
552
461
504
573
568
464
484
579
587
469
472
564
589
479
471
572
594
505
471
562
592
518
457
532
584
535
444
508
578
561
455
479
566
572
461
464
556
582
475
457
545
575
482
442
540
568
495
438
522
561
509
437
491
560
534
431
467
556
564
449
460
552
571
466
456
548
576
472
440
541
564
491
433
527
573
509
448
503
556
536
451
481
559
564
442
458
552
569
457
450
550
574
475
443
539
568
483
439
525
573
504
432
508
567
530
436
484
551
555
448
467
564
572
465
464
558
581
473
452
550
575
486
448
539
572
505
453
534
575
531
436
487
558
549
441
458
553
562
448
445
542
569
454
444
546
583
497
445
537
573
495
440
519
562
511
433
492
553
543
440
469
556
565
457
464
555
578
464
463
567
588
496
461
564
594
513
458
538
582
531
451
511
573
551
450
490
578
578
460
475
563
582
470
456
553
572
477
452
559
580
492
437
525
560
495
434
501
563
532
449
484
566
567
450
463
554
568
456
453
550
579
469
452
552
576
489
439
532
567
500
439
516
578
536
449
495
566
565
455
467
558
567
455
456
552
580
475
452
546
571
496
453
542
570
502
448
527
572
526
437
492
561
557
447
473
572
585
477
472
554
579
469
452
554
579
487
444
549
588
515
452
534
579
531
451
518
579
567
465
487
577
584
463
471
569
583
466
464
562
585
491
453
556
576
498
442
525
563
513
439
506
569
546
455
481
560
558
445
467
553
567
454
451
555
579
477
455
555
582
497
441
532
572
507
434
507
570
531
436
479
558
562
442
464
548
563
450
444
541
567
473
448
550
574
486
448
534
570
498
445
516
562
527
441
491
559
552
440
460
551
561
437
443
540
566
464
437
541
566
467
436
534
569
487
434
513
560
504
424
484
554
538
420
449
529
547
427
437
542
554
451
442
534
563
467
435
519
548
480
423
512
552
478
413
475
558
535
431
467
550
567
460
461
555
579
467
468
550
577
6575
440
453
590
594
449
430
584
631
477
380
529
665
538
374
481
661
565
367
436
640
573
365
412
618
584
381
394
592
600
414
382
561
614
454
366
520
627
498
358
475
625
535
368
450
627
572
385
439
622
582
397
420
601
593
419
408
585
614
463
406
552
627
497
385
504
635
544
387
473
648
580
398
456
646
598
400
429
622
606
419
416
596
616
455
399
558
627
498
397
523
626
524
389
482
639
570
400
458
632
581
402
440
618
603
422
432
605
618
448
404
563
622
479
385
519
630
517
378
479
657
569
369
442
649
590
381
424
630
603
397
407
612
617
427
389
573
634
473
381
528
643
505
361
471
632
532
338
412
608
543
344
397
604
576
371
387
597
603
409
377
571
607
448
407
544
602
487
422
517
597
524
427
487
593
550
425
462
583
562
437
455
576
576
441
449
578
592
455
427
557
601
473
409
518
598
501
399
475
591
532
401
451
584
540
400
433
562
556
423
433
558
573
449
437
562
598
487
434
553
638
534
406
522
702
611
407
490
715
654
436
475
695
674
456
450
657
679
486
430
618
689
525
415
567
696
565
406
513
694
600
395
473
704
635
409
451
678
650
423
423
643
662
452
390
585
662
485
370
533
675
533
369
489
670
574
374
454
677
609
389
435
669
638
405
415
638
641
426
375
588
667
478
361
538
674
528
365
495
682
573
365
452
677
600
367
424
655
612
378
399
633
632
409
387
602
654
469
384
564
667
517
360
504
680
563
363
456
682
600
364
419
664
615
377
407
641
629
411
406
618
640
434
366
553
587
430
366
471
521
411
327
393
462
395
282
325
425
401
285
312
434
433
317
323
447
475
362
347
462
503
404
369
474
531
453
395
473
547
498
419
477
564
543
434
464
572
572
464
469
570
587
476
466
574
604
502
465
562
604
519
459
542
605
542
449
501
574
561
434
468
561
576
442
451
540
583
472
445
550
583
501
442
547
568
512
425
521
555
530
431
507
536
550
446
488
555
580
450
473
551
578
460
451
533
578
495
436
552
576
526
427
533
577
538
417
508
563
554
434
486
554
573
440
453
520
572
455
458
537
576
494
432
537
559
513
439
539
563
533
449
522
559
546
439
498
550
570
430
475
544
580
461
455
540
578
477
439
551
581
519
435
545
590
543
450
531
574
552
429
505
540
564
439
477
553
579
464
463
534
578
473
454
555
571
511
459
550
587
532
443
530
559
534
424
501
557
565
446
486
547
579
431
457
524
584
483
451
544
595
513
453
554
580
525
430
524
555
536
444
517
548
553
424
480
518
564
428
462
530
565
461
458
541
581
488
446
547
574
514
428
527
565
523
428
515
552
547
411
482
538
561
424
458
547
581
462
460
537
585
499
448
546
571
510
443
544
576
526
429
517
534
531
419
491
530
559
454
483
551
584
448
454
533
566
475
435
532
568
502
437
536
565
521
417
517
555
532
415
496
563
559
432
474
538
576
451
467
540
571
471
452
534
578
506
439
548
569
523
435
527
552
531
442
504
554
553
429
482
548
575
438
463
551
584
472
459
547
576
486
437
544
572
514
423
528
577
532
439
517
557
548
434
486
530
563
448
468
551
584
466
458
537
572
471
442
545
572
509
447
538
579
528
435
524
562
553
423
487
556
560
444
463
547
562
450
451
552
578
468
442
550
585
491
446
543
585
510
437
518
569
529
439
492
572
560
443
474
559
571
450
459
560
577
469
462
564
592
494
446
546
584
509
436
527
583
530
445
504
566
548
430
472
557
568
441
453
556
581
468
452
555
584
485
446
551
580
502
446
535
584
522
435
507
565
546
440
484
561
570
453
475
562
584
462
457
559
581
473
437
543
580
489
437
524
564
503
430
511
572
540
425
480
564
564
445
467
559
576
452
449
547
573
468
452
551
592
497
434
529
578
502
434
514
560
528
438
488
561
553
431
456
543
559
1
577
537
422
474
554
560
439
464
562
576
461
451
544
6
583
485
439
545
582
499
424
522
578
521
427
501
577
537
422
474
554
560
439
464
562
576
461
451
544
565
468
431
534
564
486
427
521
573
511
437
505
561
531
425
479
560
558
436
458
560
572
440
440
546
575
470
435
540
577
488
437
532
582
514
428
507
568
529
429
485
555
550
433
462
548
568
454
453
558
577
470
448
548
582
490
443
533
573
503
426
509
566
514
411
478
548
534
406
443
540
543
416
419
523
548
437
426
529
566
475
427
528
566
494
419
504
555
510
420
496
558
546
437
479
565
574
455
461
556
586
470
459
555
582
494
449
553
590
513
437
533
570
525
430
509
579
554
432
487
581
580
458
472
565
586
467
454
552
587
483
445
554
586
505
432
529
574
522
441
518
569
542
433
480
563
556
437
457
551
562
438
431
527
559
442
405
523
554
471
404
516
565
493
399
489
559
506
408
447
529
521
397
404
486
499
365
367
460
480
371
342
453
488
410
349
456
503
443
368
454
515
474
382
434
494
485
356
389
486
504
389
395
515
541
437
427
549
591
507
448
562
607
536
457
549
615
563
459
531
613
598
480
516
606
610
484
493
582
608
501
487
602
625
537
489
591
637
564
495
577
621
572
483
550
618
598
473
518
609
612
479
499
599
614
493
479
582
616
511
468
577
620
524
433
534
587
536
447
526
580
556
435
496
578
589
469
484
575
599
488
470
563
594
491
454
548
576
502
436
533
586
529
428
520
580
540
432
505
595
575
443
460
566
577
457
457
550
585
480
437
551
578
493
430
528
579
528
448
528
581
546
434
502
577
568
461
478
569
576
456
464
558
555
449
432
506
582
499
429
538
582
525
427
519
589
542
421
485
561
547
438
464
555
569
452
444
531
555
455
443
552
568
468
415
541
585
524
431
531
568
523
437
481
573
553
424
468
530
542
439
477
531
592
473
472
544
587
491
469
588
634
558
437
568
663
576
492
565
622
605
453
520
611
618
490
519
624
616
519
527
629
667
575
541
644
659
602
527
606
672
608
528
570
631
630
505
581
660
674
553
549
640
662
540
543
639
654
562
527
605
649
565
503
611
667
602
522
589
647
597
516
571
619
603
505
534
626
646
520
532
621
640
541
513
602
648
574
515
606
632
586
494
575
645
596
470
553
627
634
510
540
635
629
522
529
638
655
540
522
624
658
560
507
615
643
581
501
588
638
597
494
555
623
612
508
539
622
635
508
519
608
631
520
509
616
632
545
489
586
630
556
472
569
622
566
469
542
615
597
464
506
607
606
483
495
586
598
485
464
579
609
504
466
569
598
526
451
566
600
551
453
528
588
573
465
506
587
589
476
496
586
597
480
484
570
613
505
462
574
608
530
448
557
605
544
451
522
583
557
444
499
583
586
454
472
566
588
463
466
561
574
475
441
554
581
499
443
543
580
527
447
533
588
543
446
491
567
565
440
474
562
570
448
454
558
577
477
447
564
596
503
434
538
585
508
430
524
578
534
419
487
560
556
430
460
556
555
423
433
533
557
452
434
532
555
464
414
519
552
483
413
499
548
497
408
466
536
523
400
436
528
534
416
434
537
558
443
432
541
573
478
435
533
572
493
420
512
559
501
414
487
543
526
413
464
549
557
442
464
563
572
472
461
548
576
473
434
539
565
491
412
508
563
506
403
489
552
530
417
482
569
565
432
449
544
562
443
425
536
551
472
436
555
589
490
437
518
555
513
425
499
573
545
421
486
560
544
445
452
546
572
445
450
573
580
466
443
535
576
493
425
527
565
496
434
520
578
537
419
498
584
568
448
479
579
586
468
482
576
615
499
474
566
584
509
449
554
588
512
442
536
585
546
438
504
579
565
463
488
587
591
447
463
570
597
480
460
564
587
494
447
533
601
520
437
530
589
533
437
508
585
8
454
543
591
498
461
554
597
521
442
527
585
542
428
491
550
545
423
466
561
559
442
465
672
652
413
372
599
639
443
322
526
622
466
345
499
637
504
348
456
646
551
339
449
578
555
433
458
576
565
441
448
559
578
467
450
560
585
484
434
522
569
507
423
510
549
511
413
467
552
556
446
463
560
571
442
449
547
569
475
449
551
578
497
430
522
556
497
416
506
565
528
417
487
569
553
447
477
574
585
465
460
561
576
457
435
530
555
477
427
526
564
503
429
515
563
518
441
501
577
553
449
479
572
571
448
477
587
598
476
459
564
585
497
450
553
585
512
446
537
585
530
436
504
586
549
432
483
573
576
451
470
561
579
469
457
553
577
496
450
552
579
505
446
533
581
526
449
520
571
552
456
516
578
575
459
473
558
574
457
459
557
585
498
453
548
594
511
457
543
596
528
431
513
573
529
432
495
558
559
440
465
542
562
460
460
555
574
476
462
562
594
501
458
541
578
518
453
534
583
537
428
504
564
543
414
455
544
549
432
439
541
573
457
452
547
587
500
449
552
597
510
437
523
569
530
434
511
563
545
441
476
549
552
448
456
548
559
447
440
539
557
468
437
535
568
487
416
512
557
502
410
490
550
531
419
474
552
539
430
449
542
557
440
438
545
573
468
439
531
569
487
441
537
587
484
319
456
670
584
358
435
666
607
367
409
651
621
389
384
626
640
429
371
585
664
481
364
538
668
530
375
500
671
559
349
466
655
573
371
456
652
585
403
440
575
571
440
442
567
577
465
441
570
621
485
395
538
629
518
389
491
634
558
378
446
643
586
393
434
631
594
394
407
603
612
433
392
568
622
470
373
520
631
514
381
484
628
541
385
450
626
568
379
428
599
575
407
420
602
604
415
398
568
605
454
394
532
616
490
393
506
594
516
434
491
581
542
418
456
574
560
443
448
554
558
442
429
534
565
456
420
524
580
463
322
469
650
558
344
449
657
590
361
457
649
595
388
420
631
608
392
385
592
654
465
357
524
649
489
335
481
560
504
407
464
535
512
398
447
543
543
426
446
541
562
458
444
554
578
478
449
546
568
467
430
512
553
499
432
498
556
527
429
480
563
554
451
474
561
569
457
461
547
573
464
435
539
572
494
427
531
584
519
436
515
583
556
452
508
570
545
426
448
541
556
444
452
548
566
464
433
540
566
487
439
537
581
517
435
520
583
549
456
519
576
552
434
469
555
568
452
453
550
574
470
453
555
581
495
444
546
595
515
449
546
596
540
433
503
566
552
444
478
555
557
446
473
553
570
460
442
541
558
468
434
533
575
504
446
523
568
513
432
493
552
529
420
469
552
553
435
445
559
568
458
445
538
577
478
452
552
587
505
438
533
587
524
433
508
552
529
421
477
547
548
437
464
553
571
463
461
548
574
472
445
530
560
479
436
533
585
521
421
509
568
534
429
490
563
548
432
466
561
574
453
463
552
575
469
446
556
586
492
440
544
586
509
433
517
567
522
427
495
549
530
425
463
549
550
442
461
558
564
465
444
539
578
483
439
541
578
504
439
532
587
527
423
512
573
549
437
488
580
564
455
478
563
582
466
465
556
589
498
456
545
578
509
453
545
577
525
429
510
560
528
438
485
542
548
440
476
567
579
459
456
550
559
461
403
500
524
443
351
430
456
384
298
386
456
422
322
394
469
471
359
398
477
501
393
416
499
538
440
421
529
561
493
453
555
588
524
465
539
587
540
440
510
580
559
450
479
697
657
411
423
663
661
440
401
621
672
477
398
587
705
539
391
540
700
580
403
513
684
598
408
489
673
615
427
474
662
627
443
465
645
635
469
438
604
642
490
416
559
646
519
395
500
686
601
368
432
670
625
388
444
589
558
431
454
563
570
457
450
552
579
478
446
538
582
509
452
540
601
538
452
501
586
550
456
489
584
567
7
577
461
457
553
579
7
487
447
551
596
517
433
530
595
526
438
514
592
541
427
482
576
563
445
472
567
577
461
457
553
579
471
440
550
577
499
440
532
579
510
442
522
574
536
437
503
580
560
432
471
579
582
463
471
563
578
465
432
531
571
476
424
529
593
505
414
507
577
525
424
493
556
547
424
477
554
568
452
458
570
581
466
451
546
583
493
450
548
585
510
434
524
581
520
415
499
565
532
415
470
561
561
440
460
563
578
456
447
543
583
485
427
536
585
496
421
520
573
516
421
496
553
529
425
470
556
552
441
459
557
573
454
450
548
581
483
443
544
582
502
421
528
579
524
421
501
566
529
425
480
566
561
436
457
561
570
447
436
541
568
455
441
541
573
498
435
534
581
504
438
514
565
522
423
489
561
551
442
469
566
566
446
458
552
573
453
430
545
572
487
427
536
586
514
425
525
581
530
432
498
582
552
415
471
572
578
448
467
562
571
460
445
550
576
495
442
542
571
499
426
516
579
516
436
492
558
536
437
471
565
565
430
454
557
575
456
441
546
581
478
431
543
584
508
440
522
592
530
431
507
580
549
440
491
567
560
458
469
560
576
458
450
558
583
482
450
558
602
507
449
544
592
529
441
520
590
551
427
488
573
564
431
464
567
573
456
452
557
583
465
446
550
583
493
422
528
580
513
424
511
564
522
424
483
556
552
438
465
561
563
453
461
549
574
469
448
550
587
504
441
531
582
506
422
517
583
524
419
492
576
555
435
476
575
573
450
465
570
583
462
445
554
585
475
439
542
577
513
437
520
570
525
428
499
561
546
432
479
567
566
445
461
559
573
458
444
545
580
473
425
537
574
497
423
518
583
517
418
505
572
538
432
472
567
558
441
469
577
589
463
455
561
588
488
446
562
590
516
445
545
585
533
438
522
588
543
448
499
566
567
448
474
566
583
460
454
560
578
463
434
546
584
505
435
536
589
522
429
517
600
540
430
495
576
559
439
473
563
568
445
453
544
570
461
440
552
568
487
429
531
579
511
440
520
576
528
434
497
568
554
427
472
560
561
431
445
554
579
461
440
544
581
486
438
540
589
516
427
518
587
534
432
503
565
557
431
484
562
573
453
472
569
579
459
452
542
577
470
443
541
582
493
447
553
645
521
395
498
635
537
356
434
612
538
335
365
566
517
298
307
511
503
290
252
460
513
332
244
419
529
390
251
396
568
462
280
382
597
531
319
385
616
562
352
387
604
596
401
388
585
607
473
437
553
606
526
451
539
615
555
452
520
610
590
475
502
612
609
490
489
603
626
509
489
591
623
533
481
586
621
556
479
565
619
574
474
540
620
594
484
513
595
602
480
496
597
623
492
475
581
608
514
461
570
615
539
451
544
605
552
463
526
618
583
445
490
583
568
439
467
561
567
457
442
534
565
477
434
542
577
505
434
528
589
529
452
525
584
544
434
490
572
573
450
473
568
589
463
464
568
591
493
448
557
599
518
455
557
613
533
433
513
592
546
437
498
569
562
439
469
560
575
461
464
564
583
475
452
562
598
515
458
554
598
527
445
523
588
539
428
500
579
564
429
471
578
577
453
460
568
590
472
451
564
602
501
436
539
592
517
439
520
576
530
424
495
563
551
437
481
569
563
448
454
556
579
466
447
546
580
481
442
549
589
508
424
522
581
532
423
502
582
545
417
476
577
571
452
465
564
585
474
455
566
598
486
439
543
577
499
426
522
579
527
434
503
563
536
433
487
580
565
443
467
568
568
445
453
558
583
474
434
549
585
500
426
535
587
520
427
512
584
538
433
495
584
565
437
465
569
584
448
455
557
580
476
441
545
577
493
436
535
573
503
424
509
582
534
439
494
565
549
433
462
557
565
438
436
542
571
464
430
539
573
487
421
531
574
499
423
505
581
520
415
493
575
546
430
476
557
6
660
365
1
343
634
692
433
330
579
697
498
312
509
719
564
316
450
718
610
317
405
690
633
327
374
677
660
365
1
343
634
692
433
330
579
697
498
312
509
719
564
316
450
718
610
317
405
690
633
327
374
677
660
365
1
343
634
692
433
330
579
697
498
312
509
719
564
316
450
718
610
317
405
690
633
327
374
677
660
365
346
635
680
419
334
591
696
482
330
531
710
546
322
465
723
588
315
405
692
621
312
360
666
636
348
349
637
657
399
334
598
696
456
309
514
698
523
312
472
706
583
317
426
715
620
327
381
698
639
349
362
670
681
401
342
612
680
445
323
553
712
518
323
499
721
573
320
433
723
629
323
382
696
643
342
366
673
672
373
346
634
691
446
331
583
712
504
318
517
724
573
326
456
723
620
328
404
714
638
341
379
694
676
386
364
665
695
438
348
608
704
483
332
528
726
553
324
461
716
600
319
410
715
629
328
374
695
667
371
365
660
679
406
342
605
698
471
331
550
716
524
309
468
712
571
299
407
709
625
329
386
693
653
354
358
673
675
398
345
622
703
454
319
558
715
523
319
491
707
570
315
421
712
615
319
395
700
652
351
365
672
670
390
339
628
692
438
328
580
700
491
324
510
716
571
322
447
717
611
328
411
708
634
337
368
670
651
366
336
631
672
404
313
579
692
479
307
505
698
525
300
439
701
583
297
397
705
634
337
378
687
655
355
354
660
675
400
325
604
701
477
318
541
716
531
316
482
723
592
317
411
715
629
323
375
692
654
347
360
679
676
392
332
615
702
465
337
561
716
533
315
496
725
582
322
440
723
633
328
396
708
657
361
367
677
670
389
341
633
708
438
334
578
714
507
337
520
727
568
306
442
712
615
325
397
707
645
337
365
683
672
380
360
651
688
437
331
598
720
499
331
529
723
556
313
453
718
607
320
410
707
632
327
377
687
656
364
368
654
677
410
335
600
703
477
305
536
719
542
312
479
724
592
315
418
715
629
329
381
690
656
362
370
669
677
403
348
619
701
456
321
565
709
518
319
490
717
576
313
430
716
621
329
386
708
651
347
376
666
671
379
345
621
665
421
308
536
673
450
251
439
646
462
205
335
608
488
195
269
569
514
221
253
565
551
269
246
541
598
342
247
513
645
435
272
480
676
517
298
435
702
590
307
392
696
631
337
376
700
670
384
380
683
718
450
366
638
731
504
353
561
746
561
336
502
744
626
352
448
755
675
377
427
739
692
401
406
703
719
441
380
655
735
495
361
583
741
549
343
519
749
608
332
452
743
647
350
418
733
682
371
393
705
695
399
355
656
713
456
333
586
724
516
320
507
722
578
325
445
727
630
340
411
720
664
369
391
699
678
386
352
650
696
437
335
601
726
484
305
512
708
554
316
457
734
622
325
406
733
654
348
391
706
679
367
356
661
696
412
337
609
723
486
316
533
722
537
310
464
720
597
317
409
732
637
326
383
703
659
353
346
671
679
401
344
617
705
463
320
546
719
524
300
482
737
597
326
432
735
626
315
384
708
656
344
357
686
684
393
339
635
703
454
315
559
719
522
331
501
726
579
317
429
728
622
325
387
711
655
344
372
687
680
376
351
657
708
438
319
576
706
483
308
497
723
550
286
434
714
593
305
394
714
640
328
380
696
677
381
355
658
699
424
330
606
717
478
317
538
726
546
320
463
723
597
318
413
719
641
342
381
699
665
361
361
668
685
394
334
613
711
471
320
541
715
533
312
477
719
584
310
426
734
639
338
392
709
650
350
363
670
677
394
337
621
695
449
315
548
717
509
310
485
716
571
300
432
723
626
322
389
716
652
340
362
669
659
369
339
636
700
437
305
557
685
469
281
473
679
520
267
396
678
562
273
373
689
616
315
344
665
643
346
330
630
665
399
309
577
694
461
299
513
704
521
291
453
721
594
310
405
47
427
462
570
559
418
442
569
583
444
421
554
584
470
421
547
604
504
410
2
523
595
533
419
496
581
547
427
462
570
559
418
442
569
583
444
421
554
584
470
421
547
604
504
410
518
3
595
533
419
496
581
547
427
462
570
559
418
442
569
583
444
421
554
584
470
421
547
604
504
410
518
596
525
416
491
591
543
404
466
582
569
432
453
574
579
454
436
556
586
462
430
552
600
500
424
535
606
527
437
512
588
541
421
483
589
565
416
453
576
573
427
433
563
591
465
426
551
605
494
417
535
599
509
411
516
599
539
416
485
577
557
419
459
578
583
446
455
573
590
464
440
559
596
481
424
538
590
499
416
510
585
522
390
481
573
537
401
461
582
572
432
458
589
590
449
439
567
604
481
427
555
607
510
428
535
600
532
421
501
589
545
424
485
587
568
445
470
588
596
442
445
566
587
470
436
549
597
493
404
526
596
514
397
505
598
535
402
485
596
565
431
465
589
587
443
447
565
586
453
432
546
585
485
418
541
587
510
419
516
589
530
416
494
585
553
426
473
583
569
426
447
570
590
452
434
563
596
478
422
536
596
499
410
518
604
538
414
496
606
553
408
465
580
564
416
445
575
581
440
435
555
580
468
426
546
588
493
416
523
601
524
426
509
582
538
413
481
589
566
423
450
577
580
432
432
560
588
465
416
541
595
489
421
540
612
517
411
505
591
521
401
464
554
530
388
427
528
524
380
382
493
503
368
335
451
488
383
338
443
493
406
321
428
517
452
330
423
527
496
363
423
558
553
411
433
573
586
453
442
565
605
488
429
556
605
511
436
540
609
543
428
526
614
577
452
510
618
605
476
492
611
616
474
477
604
626
505
466
586
640
535
455
561
631
556
442
539
631
581
441
507
624
590
452
485
608
609
470
469
595
619
484
458
571
610
508
433
552
610
531
434
529
597
541
431
501
603
573
449
485
602
586
439
462
587
603
468
442
572
607
500
440
556
612
517
422
526
614
536
419
501
610
560
419
476
586
579
437
463
589
590
453
442
566
594
481
436
553
596
505
425
537
609
522
428
511
593
537
415
481
597
569
421
454
587
578
427
439
578
599
466
433
572
616
485
432
553
622
511
430
533
627
542
426
503
636
571
361
447
662
599
382
432
653
624
409
422
628
640
443
402
585
643
474
378
525
649
510
366
486
635
553
374
458
641
582
387
441
640
604
410
432
616
618
441
410
592
635
473
396
548
647
507
370
500
653
549
367
457
669
588
331
411
683
636
366
387
662
672
408
338
606
697
470
318
528
702
526
307
463
707
584
311
413
707
627
328
382
685
646
353
356
653
667
391
331
607
684
448
316
542
697
511
312
481
701
569
310
424
705
619
324
393
677
593
395
444
600
583
424
421
566
591
459
418
550
605
493
404
513
597
516
416
487
609
555
420
463
598
576
437
461
589
588
455
435
567
598
478
433
549
592
498
427
532
609
528
433
502
597
549
421
479
594
570
426
449
580
583
442
437
564
589
473
426
553
599
499
426
534
618
527
417
508
600
543
420
476
589
566
422
447
564
562
419
429
553
561
437
409
529
577
473
415
520
587
502
401
491
583
525
396
473
582
553
416
463
591
576
432
441
570
581
452
429
556
593
477
420
539
606
517
416
509
588
525
411
488
584
550
421
466
584
567
437
442
576
584
451
441
562
588
480
432
546
603
502
413
518
597
520
398
491
598
551
420
477
594
569
430
449
570
582
444
438
567
593
466
426
545
590
484
409
516
581
506
404
490
578
531
407
480
596
562
418
454
573
560
417
415
532
541
402
367
477
501
391
306
415
480
396
293
396
490
432
324
393
508
470
331
376
502
506
370
386
511
537
415
399
525
565
467
416
530
590
496
415
519
609
542
437
507
603
569
447
494
612
604
464
476
607
619
480
465
589
624
517
458
581
641
623
528
413
498
610
548
416
468
593
569
426
455
591
591
449
446
584
601
468
434
567
617
497
432
537
606
512
413
503
601
534
400
471
592
556
408
446
588
578
430
435
576
590
450
427
558
601
477
408
533
600
501
405
508
589
521
398
474
581
550
416
460
583
569
431
439
573
588
448
434
567
593
465
415
539
601
496
402
512
598
522
402
486
598
547
403
460
599
570
420
438
577
583
437
422
562
588
457
418
548
596
489
402
514
586
511
412
500
592
546
421
473
597
565
425
455
584
581
429
437
572
592
458
418
552
594
485
411
532
617
530
407
499
597
531
403
466
587
547
404
441
567
572
426
431
561
573
442
413
547
583
474
411
533
595
499
409
504
592
521
409
475
584
545
404
455
581
568
427
441
577
583
439
425
562
593
477
415
546
613
499
412
514
606
525
396
478
582
513
377
428
542
518
375
392
516
516
377
365
496
514
385
346
473
525
415
351
460
541
460
364
456
558
507
376
448
570
542
392
433
577
570
427
432
574
589
449
431
570
616
491
428
557
627
516
437
548
646
551
416
521
694
590
388
473
684
613
405
459
676
639
419
439
657
655
446
410
616
677
493
393
565
689
539
378
511
693
583
377
476
702
618
383
448
685
635
390
416
675
684
430
361
608
693
473
340
544
700
526
327
485
706
583
337
438
703
614
340
404
682
632
358
381
660
656
399
365
622
677
448
341
559
686
500
333
503
698
559
336
458
713
606
341
420
686
616
351
398
661
631
384
379
630
655
430
362
588
677
484
356
536
689
536
350
483
697
584
348
445
697
613
364
420
687
642
388
404
661
666
432
379
613
686
481
362
552
697
526
342
490
696
573
346
446
688
593
346
417
676
624
372
406
655
640
406
387
618
659
454
374
561
667
493
353
507
673
539
342
456
669
573
343
427
670
603
367
414
657
624
387
389
616
638
425
362
567
656
475
354
521
671
529
348
476
681
573
349
435
665
590
352
408
656
612
378
401
631
635
416
377
588
655
463
357
536
662
512
348
480
669
560
353
450
673
588
373
436
658
614
398
427
647
637
428
408
608
645
465
386
553
649
499
371
503
653
547
374
467
664
583
379
441
656
596
371
414
663
644
399
377
618
660
441
356
564
670
488
343
510
686
543
335
454
687
583
344
424
677
601
352
403
660
629
382
383
631
653
429
367
586
670
477
350
529
689
534
350
478
690
573
344
440
689
598
348
408
656
605
355
369
622
621
384
340
564
633
430
325
511
648
484
319
463
659
532
325
427
659
570
335
402
648
597
358
390
639
625
395
381
606
652
446
367
557
664
494
354
504
677
546
348
457
672
578
350
427
673
605
365
410
652
621
391
389
620
641
427
366
568
653
475
358
519
668
531
355
474
676
574
354
443
677
599
372
429
666
627
392
402
634
633
415
371
582
651
463
358
532
663
514
351
486
673
558
350
447
674
584
360
426
659
607
380
409
639
628
407
385
597
640
454
373
551
653
500
364
500
662
545
362
462
668
579
367
434
660
600
375
414
642
619
402
395
612
636
441
379
563
649
482
361
511
659
527
364
468
665
567
358
433
651
584
367
418
644
610
392
396
613
624
423
383
574
639
469
369
525
653
515
362
479
659
553
355
434
651
564
352
394
614
568
345
362
583
571
360
319
513
552
370
276
437
552
400
257
393
560
451
268
364
578
496
286
359
584
539
322
360
589
578
373
364
580
618
434
371
550
643
484
368
509
662
549
378
485
678
592
388
460
680
620
410
453
674
647
438
438
636
658
472
422
607
680
526
426
566
688
562
405
510
681
592
404
477
680
618
416
460
670
635
427
443
648
650
453
419
623
689
496
383
558
699
544
375
506
701
584
370
463
701
616
383
445
685
625
377
403
651
644
416
393
613
664
464
374
559
677
513
365
504
682
560
359
462
689
590
360
434
675
610
371
417
469
600
577
429
446
586
585
448
433
568
602
469
423
545
598
493
413
520
605
526
405
495
600
548
414
468
595
567
415
439
584
581
435
433
572
596
460
417
552
604
490
416
530
600
515
405
505
593
537
414
477
589
559
421
453
583
576
434
439
576
587
458
424
556
601
481
408
530
597
504
399
499
598
526
394
478
601
558
416
459
598
584
434
442
585
594
444
427
564
595
480
421
543
600
498
406
510
590
517
406
492
603
550
422
468
596
571
420
444
581
586
438
419
566
604
486
435
564
617
506
415
522
602
516
412
491
614
548
412
474
602
571
427
455
593
581
437
438
577
595
463
437
575
613
491
427
550
622
511
431
531
629
541
421
508
754
622
345
418
599
572
412
448
623
598
420
433
624
616
453
421
561
621
500
414
517
611
529
407
483
584
549
407
460
587
574
429
447
583
586
444
432
568
606
477
432
554
607
504
419
522
604
524
404
500
609
548
411
473
632
569
401
447
617
585
416
443
610
609
454
430
576
615
486
421
534
600
515
411
500
595
541
416
477
595
568
430
456
591
585
442
443
570
586
460
428
555
600
489
409
530
601
519
416
513
610
542
405
483
603
567
425
461
600
592
446
450
588
600
459
433
561
598
491
423
542
600
504
413
511
595
530
411
485
600
553
425
466
587
570
423
445
578
586
449
425
560
586
465
409
536
599
499
404
515
602
521
411
491
604
544
398
459
586
563
417
445
578
575
435
427
564
581
460
415
544
589
487
412
524
600
514
416
494
583
528
409
466
586
552
400
435
571
571
422
427
567
589
464
417
548
597
486
412
523
602
506
398
493
599
535
416
482
583
558
414
457
587
576
432
446
579
587
454
434
561
606
488
432
553
607
511
421
516
605
531
402
483
593
556
418
464
595
575
429
440
576
582
438
433
567
605
480
420
547
611
504
417
521
594
523
410
497
598
546
411
463
581
558
417
439
571
572
433
434
564
585
468
426
550
598
488
400
516
594
515
409
499
600
539
397
467
595
560
418
445
581
578
436
433
568
591
458
422
546
585
478
408
522
591
502
406
502
589
531
410
484
604
563
433
469
592
573
430
448
577
589
446
425
562
595
480
418
538
602
502
405
508
599
526
409
485
612
559
416
465
597
574
431
449
581
584
451
436
575
599
482
425
540
588
486
400
498
580
479
382
444
521
467
336
386
488
455
297
319
449
449
306
306
448
478
359
314
446
501
398
328
442
532
446
345
445
557
498
378
447
557
532
395
439
578
572
437
440
575
583
459
444
581
629
519
465
577
639
548
460
553
644
574
443
524
637
601
451
503
640
625
480
494
634
645
501
490
621
657
526
460
580
642
538
449
556
633
566
453
534
634
588
452
501
620
599
455
479
607
611
467
463
591
613
494
444
563
615
508
420
533
613
534
420
513
621
563
420
484
611
582
437
468
606
601
457
452
588
610
473
437
565
605
501
426
543
612
525
428
518
600
541
420
484
601
567
435
466
597
579
436
448
575
590
455
421
559
596
486
421
542
612
516
418
522
611
544
420
489
613
569
421
459
589
573
423
437
567
569
431
412
546
570
456
408
532
581
486
406
511
600
522
425
496
595
548
420
471
600
579
431
451
583
585
446
434
571
600
477
426
556
610
504
428
532
621
527
413
501
610
547
420
479
590
564
425
451
577
572
435
437
571
584
459
429
561
602
492
427
532
598
511
416
508
602
538
406
478
593
562
412
458
600
582
435
443
582
594
455
435
568
607
483
416
535
607
509
420
515
594
528
415
493
590
550
413
465
584
566
424
441
574
586
450
443
568
591
470
422
544
608
505
412
523
607
528
409
494
606
551
412
470
603
574
432
455
591
593
447
436
579
600
471
432
555
599
495
419
529
599
518
415
504
593
537
417
474
596
560
420
449
578
565
425
429
560
585
450
418
554
589
478
408
168
406
530
597
4
512
411
509
623
546
410
488
618
570
421
468
605
589
437
441
583
593
449
422
567
592
468
406
530
597
491
411
512
595
516
403
483
600
550
396
452
583
566
419
436
588
588
447
429
573
606
474
425
549
623
505
412
533
613
516
400
495
594
549
411
477
609
586
443
475
616
608
462
466
604
631
498
457
589
626
507
433
549
625
530
414
522
621
561
421
491
622
580
422
462
611
594
444
447
597
609
462
429
571
609
485
417
541
602
509
404
512
600
527
404
483
591
551
410
455
592
576
422
441
587
591
449
434
566
600
474
412
547
610
503
409
521
606
526
396
486
599
545
402
458
598
572
418
442
588
595
444
434
572
593
466
415
551
604
494
413
537
624
530
402
495
599
531
407
457
575
543
389
416
546
539
387
383
526
544
417
379
523
577
459
376
502
583
490
388
487
600
524
386
466
600
556
407
448
591
579
424
438
589
602
462
435
583
609
485
422
549
618
514
426
526
606
531
417
492
609
559
404
461
594
578
426
442
588
593
449
426
570
604
474
424
551
619
504
405
519
618
529
409
500
593
545
402
465
597
576
427
452
594
589
446
441
580
610
473
435
565
605
488
413
527
604
516
394
495
596
539
397
466
594
558
409
441
590
579
426
437
586
605
460
428
567
610
489
418
540
605
515
414
521
612
549
421
495
605
575
436
479
617
603
449
466
608
612
473
443
577
617
489
421
552
615
514
412
519
616
541
407
498
617
572
432
485
623
601
444
456
594
601
452
434
573
597
476
414
544
601
499
410
518
602
527
409
495
604
551
423
474
595
566
418
452
583
586
440
426
573
594
458
416
559
609
498
410
534
615
526
413
506
619
549
412
481
609
571
425
456
588
591
461
449
580
590
449
410
544
574
456
379
497
565
466
374
464
550
482
364
443
565
533
385
433
572
559
400
420
566
582
442
412
550
592
467
402
529
603
496
390
502
595
516
392
479
582
544
400
454
581
566
421
440
573
576
440
428
561
597
472
423
550
594
492
409
515
602
517
385
493
598
553
400
470
606
578
425
450
602
598
447
449
589
615
475
427
562
602
487
406
527
598
516
408
511
601
549
418
485
600
569
426
455
592
585
437
440
578
591
451
425
567
611
497
425
552
621
531
416
523
624
550
413
496
622
570
427
463
596
586
435
438
565
578
433
414
551
588
470
408
532
588
490
397
509
594
526
412
496
610
555
413
464
599
568
407
439
579
585
450
434
568
595
463
411
548
601
492
401
518
610
514
407
495
602
546
408
468
586
564
427
453
588
582
436
432
568
589
456
420
556
599
494
422
539
617
520
412
505
599
534
395
470
597
557
416
448
586
576
420
426
562
586
459
412
554
599
484
406
529
603
503
395
489
563
495
362
433
555
505
345
397
520
506
346
364
507
515
369
361
500
536
419
374
502
570
480
390
507
602
530
417
498
603
559
425
482
613
590
418
452
592
611
448
442
587
618
495
431
570
618
516
439
550
642
544
423
527
638
579
438
506
607
592
446
486
604
604
456
466
594
618
483
445
585
632
510
444
564
619
538
435
535
620
558
401
490
607
571
415
465
597
592
434
444
587
608
473
440
568
615
486
415
546
615
508
403
512
585
529
405
487
598
560
414
469
595
586
433
453
604
614
467
464
603
628
495
448
578
635
519
407
526
611
536
417
505
617
564
410
480
617
591
436
461
603
609
454
441
589
611
467
428
563
601
487
406
534
605
517
410
508
593
541
408
473
594
565
415
454
578
567
425
427
570
587
436
405
562
599
476
382
524
587
487
357
459
544
495
363
428
554
506
336
386
526
526
372
396
526
540
411
398
542
566
462
427
546
596
485
393
516
594
503
408
493
589
546
402
460
596
570
406
432
570
587
436
421
562
603
480
420
546
609
504
408
529
622
529
395
501
607
543
409
469
596
568
404
438
596
590
591
457
430
570
598
477
416
534
592
502
410
519
610
530
429
500
605
562
8
428
468
611
595
442
452
590
591
457
430
570
598
477
416
534
592
502
410
519
610
530
429
500
605
562
8
428
468
611
595
442
452
590
591
457
430
570
598
477
416
534
592
502
410
519
610
530
429
500
605
562
425
471
595
576
429
448
585
595
461
441
583
608
482
424
551
607
502
418
530
623
526
411
493
616
556
418
477
599
566
416
435
585
575
433
423
563
566
421
389
506
538
405
326
425
491
395
297
394
498
432
307
387
516
486
345
382
538
527
381
395
548
566
426
414
557
606
487
419
550
624
520
427
536
619
544
419
502
615
571
435
480
616
586
452
466
605
606
468
454
596
616
495
448
574
634
526
433
550
636
547
430
520
628
569
428
487
619
590
446
469
612
605
467
455
595
604
478
440
565
605
503
430
538
612
528
422
510
608
550
426
489
611
572
441
465
592
576
441
452
591
606
475
441
574
607
496
424
544
614
521
416
514
610
544
421
494
623
566
422
470
597
594
448
458
597
592
463
438
579
602
489
434
551
604
508
425
526
616
536
434
503
606
552
412
463
590
572
431
450
587
583
439
426
573
599
481
426
556
622
516
440
550
636
548
433
512
616
557
437
489
615
581
434
469
592
589
451
454
594
606
476
441
567
606
493
418
531
604
517
417
514
618
547
427
491
616
569
426
468
595
581
439
449
591
603
458
435
571
611
488
425
546
605
504
413
506
599
518
399
483
589
546
411
462
592
570
431
454
588
587
452
431
576
594
477
419
548
610
498
414
517
599
516
409
504
608
551
414
474
604
572
421
448
585
580
442
430
562
589
461
426
553
604
486
404
519
599
513
412
504
589
532
414
473
591
553
410
444
572
568
426
434
574
590
459
435
559
592
483
422
539
603
500
393
505
607
538
417
490
604
563
421
466
598
582
435
447
582
589
445
420
561
591
466
413
533
587
492
405
509
596
520
407
487
587
546
413
464
603
571
431
451
583
575
441
433
565
592
464
418
547
597
490
410
522
606
519
409
503
603
549
426
479
613
567
418
450
592
584
438
441
572
586
461
431
562
601
490
420
534
598
507
406
506
605
537
425
481
588
554
423
455
589
572
432
436
576
582
455
426
568
602
484
421
543
606
503
412
514
618
534
405
491
607
549
411
456
582
560
420
440
581
581
443
430
572
589
469
418
550
604
497
423
519
589
514
410
494
594
538
404
465
592
560
418
445
589
574
442
431
569
590
460
424
557
604
491
413
530
609
511
412
503
593
533
410
479
598
559
425
454
585
568
434
439
573
592
458
437
567
599
485
421
537
607
510
410
508
600
530
406
489
610
556
418
463
601
572
434
447
586
585
452
432
570
597
478
423
544
596
500
407
514
594
517
405
486
592
542
422
464
601
567
428
454
589
577
435
434
571
596
468
425
555
604
497
409
526
611
523
405
502
612
542
414
468
596
556
421
446
575
565
428
431
566
575
449
417
556
590
477
407
527
586
498
397
490
592
513
390
453
573
532
390
437
581
561
420
432
572
576
435
413
549
590
474
411
537
608
504
418
512
608
530
419
495
600
554
427
468
603
571
423
441
583
580
443
434
581
593
476
435
559
611
498
422
529
608
523
409
497
606
546
423
472
598
561
421
446
583
581
442
439
580
608
477
439
569
607
501
427
548
612
528
433
519
623
552
422
492
617
569
435
469
591
584
446
453
585
593
454
429
569
595
482
411
546
620
515
430
525
602
532
421
496
611
564
422
465
595
569
426
440
572
573
433
408
542
567
452
401
524
584
481
389
496
590
503
392
480
578
530
402
461
584
560
426
453
589
588
452
442
582
608
471
439
565
601
492
416
526
602
513
398
498
597
530
406
474
601
561
418
450
588
