10
589
575
501
506
588
595
514
479
560
602
522
471
556
589
519
452
502
581
528
432
477
560
532
430
451
591
544
445
487
579
541
445
469
552
568
467
465
550
562
472
445
535
586
509
445
522
598
518
440
502
594
528
439
496
579
532
441
482
574
543
461
471
559
565
465
439
534
569
485
432
505
567
495
422
506
580
524
438
496
583
536
434
468
562
535
439
459
567
561
441
419
497
519
425
367
451
510
434
360
431
514
453
377
438
537
482
399
454
554
522
430
460
554
544
456
451
540
552
462
431
522
578
495
430
514
583
510
421
490
587
524
432
486
575
541
435
458
551
531
432
447
546
555
461
435
519
561
482
433
515
581
510
430
495
582
524
430
484
579
530
441
478
570
546
452
462
550
557
476
454
555
606
505
446
520
577
479
413
484
583
523
436
513
601
520
416
468
595
513
414
469
537
523
437
434
522
567
425
393
493
480
416
384
481
540
466
394
520
585
521
450
496
599
563
484
491
592
577
490
504
588
588
509
484
575
610
517
468
555
603
522
453
529
613
547
454
514
612
568
464
508
604
562
477
497
591
602
498
493
591
595
512
474
567
615
532
477
556
627
551
477
525
610
580
493
514
593
562
480
508
605
609
498
493
580
594
514
475
567
615
539
483
548
621
548
473
539
623
573
490
533
632
603
493
522
607
600
500
502
592
602
534
500
579
615
539
489
568
644
564
476
542
630
566
474
525
616
576
482
520
608
578
495
510
608
595
508
502
592
621
532
485
574
640
566
488
557
636
563
478
544
637
574
470
518
609
579
491
513
603
593
497
496
584
596
509
477
563
600
523
460
548
638
563
456
506
600
544
470
529
616
566
478
498
585
571
478
485
580
582
484
459
551
599
524
459
537
594
524
447
521
607
544
455
519
616
560
451
498
591
570
476
489
577
575
490
481
571
602
515
472
567
619
537
451
524
603
543
448
508
602
553
456
509
602
566
469
494
581
568
474
483
572
591
500
472
551
600
522
455
530
607
537
453
524
617
559
464
511
602
567
471
505
596
569
474
484
584
586
499
476
554
592
506
454
534
604
531
450
519
609
546
456
509
605
553
449
500
589
558
466
479
570
568
479
465
558
588
497
453
538
599
516
441
516
598
524
428
495
584
532
437
485
581
542
445
480
576
566
471
469
564
579
484
445
531
586
501
440
518
595
526
444
504
600
545
449
503
592
552
451
484
581
567
476
478
567
566
474
453
546
585
501
451
542
608
528
440
510
600
544
446
500
603
554
463
492
588
556
465
487
583
581
474
459
554
582
496
453
540
606
528
444
516
600
532
443
503
599
539
443
490
594
556
459
484
582
571
474
469
570
591
495
452
542
594
508
441
525
597
523
438
507
602
541
440
496
590
554
454
483
584
552
442
457
563
568
475
455
541
581
491
430
516
595
514
428
503
595
539
442
497
587
545
444
487
583
551
450
462
561
559
458
450
547
578
490
442
529
590
498
416
494
592
525
429
485
585
535
441
485
574
538
441
467
567
554
470
455
553
568
467
438
528
589
495
427
514
596
520
428
512
593
533
434
489
584
543
445
468
573
551
447
458
556
563
473
449
538
579
491
436
526
597
511
426
493
587
528
425
492
586
537
442
481
574
545
448
466
569
565
467
455
554
585
497
438
527
592
508
421
508
597
528
435
511
611
538
429
475
576
541
442
474
577
556
450
438
540
570
476
443
541
587
493
425
509
589
518
425
490
585
523
428
488
591
540
447
481
570
547
448
453
559
564
469
447
542
585
490
428
524
589
506
420
502
597
534
428
483
582
530
435
473
572
540
437
457
560
563
466
447
550
584
491
436
528
587
509
426
506
589
524
426
495
593
529
430
483
579
533
446
473
566
552
451
447
542
564
477
440
533
580
489
419
507
594
516
403
487
593
530
436
487
587
543
442
478
581
562
451
463
560
574
472
441
536
584
495
434
518
585
505
422
501
593
531
430
489
591
545
442
482
582
552
454
463
561
567
466
445
537
567
478
426
524
587
497
418
499
593
517
418
484
588
531
429
481
585
541
442
467
570
564
468
460
558
572
479
440
543
588
502
437
524
607
533
436
499
600
541
433
486
579
534
436
470
575
562
456
458
550
563
470
445
547
592
504
438
527
596
518
436
511
611
528
421
485
586
530
428
474
582
551
456
469
570
574
472
461
556
593
500
447
533
591
504
435
520
599
529
431
499
612
544
438
487
592
555
454
472
582
568
455
457
557
585
477
443
531
581
487
424
506
591
520
424
493
589
535
428
484
587
538
434
460
573
561
456
465
571
573
473
447
544
587
491
431
522
599
527
439
507
594
530
423
490
596
538
431
466
577
548
434
451
565
562
471
452
543
582
498
435
527
599
511
425
515
601
521
419
487
594
537
435
492
596
563
460
486
582
573
471
459
549
578
479
439
538
598
509
425
517
605
525
434
501
604
547
440
496
586
540
436
469
575
554
451
460
568
568
469
452
543
591
504
434
528
602
524
437
498
603
525
428
497
600
544
437
474
585
562
451
470
564
567
465
446
546
582
485
428
535
601
512
424
502
592
519
422
491
599
538
439
485
586
554
445
477
578
574
469
462
564
578
482
434
525
595
506
430
511
599
524
423
498
595
533
429
493
602
561
447
468
578
556
452
457
565
575
479
448
539
588
498
432
525
602
517
421
501
590
521
419
489
591
541
446
482
584
557
448
466
566
576
475
444
552
579
477
424
522
599
517
423
507
605
530
438
503
610
542
438
485
589
550
440
470
572
566
458
458
559
586
490
449
538
595
509
441
537
613
527
431
507
603
531
437
500
595
550
454
491
588
573
465
456
562
580
478
449
546
591
497
425
523
615
528
427
497
595
527
428
492
602
549
442
485
594
566
457
464
566
560
462
440
546
578
480
426
522
594
503
413
499
606
529
428
491
604
546
428
483
589
560
440
455
564
559
456
460
562
581
480
439
534
596
498
424
517
594
521
421
490
595
531
428
484
589
541
434
470
583
563
452
461
564
574
480
447
545
598
500
432
514
586
506
418
499
605
537
427
486
586
537
427
465
577
545
450
456
560
563
474
447
528
558
472
422
524
590
505
418
500
594
521
421
491
596
534
440
492
598
543
438
458
569
562
455
450
559
578
476
434
533
591
497
431
517
602
524
428
492
594
529
415
469
579
530
425
463
569
543
432
448
567
561
451
423
520
576
485
414
495
579
501
405
491
593
526
414
473
584
541
428
465
579
552
454
468
565
563
464
438
539
578
479
425
522
589
498
416
495
590
521
418
483
587
531
437
483
580
537
431
457
566
553
448
447
550
580
474
440
541
599
494
418
506
589
512
422
498
602
542
433
494
589
542
435
473
574
559
453
455
561
573
475
457
555
589
486
433
526
609
535
437
508
602
528
435
493
601
546
441
479
585
560
452
466
574
571
476
453
548
586
490
438
528
599
508
424
509
597
522
423
488
589
533
424
471
584
546
442
468
576
566
462
460
562
577
476
435
532
586
494
421
512
603
522
425
498
596
531
423
476
583
531
427
469
572
550
450
452
550
556
464
431
533
581
490
427
508
587
514
421
503
594
520
418
477
589
540
434
479
579
549
445
448
561
567
465
446
547
586
478
424
514
580
494
416
505
596
518
414
487
589
530
424
475
583
543
439
469
563
556
463
439
544
572
474
426
526
579
491
426
507
602
513
422
496
599
534
423
489
593
544
438
469
580
563
447
459
564
574
471
447
548
589
483
423
517
593
508
417
484
588
523
419
481
592
535
427
475
584
551
437
463
567
569
467
442
543
579
477
428
524
589
501
416
506
598
521
426
483
592
536
424
472
579
545
436
465
575
563
459
454
560
577
478
440
536
586
494
419
509
597
519
420
496
600
525
424
483
583
545
441
488
588
555
445
453
549
557
457
436
540
584
485
424
521
605
510
423
494
582
515
411
471
579
526
420
469
575
548
439
460
561
565
457
443
545
577
476
430
526
589
503
423
505
599
522
421
491
589
536
429
482
585
548
441
469
571
567
474
465
549
558
458
420
518
574
476
397
489
576
500
409
484
592
531
422
471
574
531
424
463
570
548
437
449
559
577
473
438
535
580
488
424
517
595
514
424
499
594
524
423
484
581
533
427
477
580
553
443
455
562
565
463
445
543
577
478
422
521
599
514
420
505
584
516
417
482
586
536
431
477
581
547
445
468
568
560
463
457
560
583
485
438
540
603
512
441
525
601
524
428
494
598
537
432
489
593
549
443
478
583
562
461
464
565
583
477
446
545
594
499
436
520
594
517
424
495
592
527
432
491
594
541
431
476
573
545
448
458
560
563
466
443
536
578
486
427
527
596
502
422
505
597
524
423
491
597
534
422
476
582
548
438
464
569
561
462
451
552
574
473
432
531
586
499
416
504
592
517
423
492
600
532
428
492
597
552
443
483
595
578
455
444
543
557
460
424
528
582
487
426
513
594
506
418
492
597
526
418
486
587
526
424
473
574
547
443
460
559
561
456
436
536
573
478
430
524
597
506
420
502
594
521
424
493
596
538
433
478
576
543
447
471
570
556
456
443
541
570
483
441
529
586
493
412
504
593
519
432
499
591
527
428
478
586
546
449
478
582
557
446
448
551
571
471
442
534
584
485
429
522
595
517
425
504
601
533
423
480
588
538
435
479
581
553
451
469
570
569
472
457
555
595
495
444
533
608
508
431
512
605
523
427
498
598
534
435
481
580
550
450
469
567
557
455
462
553
571
480
441
533
585
500
432
519
603
524
423
497
594
526
427
481
590
542
438
471
568
557
468
466
561
564
464
442
539
585
490
435
518
595
519
432
504
601
533
434
496
596
538
432
469
584
553
452
465
557
561
464
457
544
576
485
434
527
599
506
419
502
595
526
422
500
599
536
439
484
588
550
450
467
564
553
455
443
547
569
473
439
540
602
503
427
508
593
518
420
492
595
531
426
480
592
546
444
479
588
572
459
457
557
567
464
436
534
582
490
419
512
590
515
428
503
598
525
419
484
582
529
434
469
565
543
440
459
565
568
467
447
548
579
490
436
526
590
502
420
503
588
520
422
490
593
534
430
480
582
546
433
468
576
568
459
457
556
577
477
439
535
594
503
434
524
606
531
433
504
608
541
438
494
594
548
444
480
587
571
465
471
570
581
481
450
551
592
501
434
526
597
510
414
492
589
528
421
485
593
542
435
479
583
552
442
462
566
565
462
444
546
583
486
432
527
594
505
424
507
599
528
438
494
593
533
433
486
602
562
451
472
579
569
464
468
569
591
487
447
547
599
509
437
530
611
529
435
506
599
534
432
496
606
562
452
489
604
572
458
469
570
582
473
451
552
600
500
438
523
601
514
421
500
600
539
423
476
582
524
435
484
592
558
448
469
575
560
449
433
532
564
460
403
508
579
494
416
503
593
528
429
496
603
534
425
471
575
540
439
464
576
569
454
453
554
577
476
435
540
600
503
425
515
599
517
424
495
595
525
424
483
588
540
439
473
583
554
449
455
561
564
469
445
545
591
495
433
529
604
514
426
521
624
538
423
473
559
508
399
447
556
520
414
441
548
548
449
440
537
573
472
424
524
591
497
416
500
589
520
419
486
599
541
438
494
600
558
445
474
577
566
453
446
557
574
463
426
529
576
492
419
508
596
519
429
497
596
532
426
483
590
542
434
463
569
553
447
457
561
567
466
444
545
588
495
431
522
601
512
418
497
605
544
428
485
584
533
429
469
575
545
438
461
562
554
444
441
544
577
479
430
529
594
506
423
507
602
484
422
525
596
509
415
496
594
527
411
488
600
542
420
467
583
544
6
437
449
561
575
462
439
542
590
484
422
525
596
509
415
496
594
527
411
488
600
542
420
467
583
544
430
451
561
556
439
420
552
587
473
421
527
597
493
415
504
606
524
415
496
613
545
432
486
592
548
437
475
588
562
447
452
557
576
466
424
543
607
499
412
518
606
510
402
491
606
527
423
496
602
538
417
480
598
568
463
466
567
574
465
441
554
600
496
422
524
609
517
425
515
618
539
428
505
638
579
470
524
646
652
578
602
663
569
393
410
516
476
371
341
478
566
479
400
522
660
609
541
617
650
486
381
461
605
580
431
411
539
525
424
435
556
575
482
455
556
594
510
439
529
589
505
419
517
649
600
488
499
585
544
410
426
552
537
422
434
563
573
472
442
574
623
499
435
530
616
529
422
497
599
527
415
486
617
571
454
498
605
532
424
450
566
573
459
456
566
599
475
412
519
593
491
410
505
599
518
405
483
597
525
407
461
580
529
414
449
570
557
437
435
549
577
471
439
547
605
493
416
511
606
508
412
498
602
523
412
478
591
541
431
472
584
558
444
451
564
565
458
442
554
592
496
433
521
614
521
424
512
616
529
418
479
599
549
441
482
593
565
447
467
576
567
461
452
555
588
475
428
530
600
506
431
521
612
539
439
506
611
550
436
486
601
563
447
473
585
567
457
452
566
584
480
444
538
594
504
431
520
601
523
413
491
597
523
425
473
591
552
436
493
593
559
451
442
550
559
450
435
526
576
474
423
520
594
505
410
487
599
523
418
479
583
530
417
468
573
557
442
448
561
561
452
437
542
580
470
418
524
591
490
415
498
601
526
419
481
591
522
416
473
591
566
451
462
573
550
439
442
546
580
463
427
539
608
495
417
502
590
510
408
487
600
534
424
486
600
560
438
464
573
565
459
464
568
575
474
443
554
591
471
413
515
608
518
416
499
596
534
428
490
602
540
433
489
596
