554
517
481
513
557
519
481
509
560
530
481
499
546
528
5
489
488
534
535
495
490
528
547
506
480
518
554
517
481
513
557
519
481
509
560
530
481
499
546
528
475
506
553
525
477
502
552
529
482
494
539
534
490
488
528
542
497
484
520
545
505
474
508
547
513
473
501
546
515
471
495
546
526
481
492
543
528
481
482
526
537
492
484
525
547
505
481
511
547
514
476
509
552
520
475
504
552
522
475
493
540
525
479
486
528
537
493
486
522
541
501
479
511
547
513
475
507
550
519
473
494
544
518
474
496
545
528
474
478
523
525
480
484
525
537
497
479
522
547
501
468
501
548
510
473
505
552
521
479
496
546
528
476
490
538
535
488
484
531
546
501
484
509
540
503
473
505
545
511
474
504
541
513
470
491
539
517
474
489
538
531
485
489
534
539
493
484
523
545
500
472
504
537
504
473
507
550
521
477
501
548
520
479
494
543
533
485
485
537
536
487
482
525
546
508
480
510
538
496
470
502
547
511
467
501
544
513
470
494
540
528
473
489
536
532
486
487
523
531
495
480
519
549
512
482
508
545
510
473
501
549
514
476
497
544
519
475
482
528
526
484
483
526
542
497
486
520
543
504
478
508
548
512
472
498
548
517
467
493
544
520
474
488
537
526
482
484
533
544
497
480
517
544
497
466
502
532
499
469
494
536
503
464
492
550
518
466
484
533
519
478
481
537
536
482
478
515
531
493
459
478
503
458
410
435
473
423
373
405
456
430
383
412
466
455
414
431
484
482
439
442
492
511
472
460
501
542
510
484
514
555
528
493
520
572
545
497
520
571
552
510
518
565
557
510
507
551
558
519
502
538
564
526
496
530
572
537
495
526
574
541
493
519
567
537
491
511
556
534
489
494
540
543
500
487
526
543
505
480
518
557
520
489
520
560
530
482
514
564
541
506
566
600
553
478
472
507
518
470
458
497
516
478
463
500
536
504
466
500
541
507
472
506
556
526
469
488
541
526
486
496
545
539
494
492
535
549
507
495
528
544
507
477
511
551
500
456
488
523
484
433
445
482
453
403
413
459
451
403
405
446
453
410
402
443
469
441
423
466
504
474
449
491
542
516
481
516
568
545
506
529
576
562
520
530
576
577
535
526
567
583
542
516
547
578
541
504
535
576
544
502
534
580
551
504
525
573
550
504
515
562
564
519
517
556
566
524
500
537
563
526
491
518
553
520
477
509
555
521
474
496
548
534
483
488
536
528
475
473
524
534
493
472
512
543
502
467
500
546
503
465
500
557
516
466
496
554
523
467
486
538
534
481
485
533
540
489
476
521
541
496
471
508
543
504
461
504
551
519
472
498
554
520
466
492
543
522
468
472
530
527
479
468
518
533
488
471
508
547
502
459
497
545
512
463
495
545
517
465
492
544
514
477
492
543
533
477
482
533
545
496
488
521
548
506
481
530
551
500
455
494
555
524
482
511
566
544
497
503
556
549
491
482
539
550
501
483
526
550
502
470
504
548
504
454
498
543
509
455
487
538
520
465
483
532
521
463
473
526
532
483
469
511
534
485
464
500
543
507
465
490
536
497
455
478
514
468
411
423
468
442
391
395
446
446
398
400
448
475
433
414
459
492
465
441
483
531
508
459
505
564
538
491
523
581
569
521
538
603
607
541
537
573
606
548
531
583
602
545
508
536
585
546
498
630
852
1023
1023
1023
1023
1023
1023
1023
1023
1023
1023
1023
1023
1023
1023
1023
1023
1023
1023
1023
1023
1023
947
772
652
559
406
290
281
315
329
342
433
560
636
660
719
791
805
753
726
749
726
635
556
534
497
360
239
223
250
203
149
190
247
224
171
198
264
253
212
233
292
298
257
262
319
340
305
287
341
379
347
312
348
401
371
328
373
429
392
342
378
445
422
371
395
453
453
398
399
459
472
429
412
454
487
446
421
455
500
460
413
452
501
470
422
453
510
476
420
435
496
491
440
451
497
509
464
453
497
518
471
444
484
520
476
431
476
525
494
453
484
539
511
456
477
531
518
469
477
524
525
480
471
522
535
500
474
516
548
505
465
501
542
509
467
503
552
522
472
495
552
537
480
493
542
545
492
488
535
546
498
478
530
555
515
476
517
568
529
482
519
573
535
481
507
564
549
493
509
550
547
492
489
540
549
498
483
527
552
511
480
517
558
522
479
517
559
515
466
491
544
522
468
489
538
527
473
484
534
541
496
482
525
546
500
469
513
553
513
467
500
546
507
458
491
545
517
454
476
527
518
466
478
527
525
477
463
514
533
487
464
504
535
488
450
490
530
498
454
487
541
512
463
480
538
522
465
476
529
520
468
474
526
538
495
459
494
523
487
458
498
542
509
465
490
542
504
461
491
545
519
467
484
542
532
481
482
532
542
495
479
520
546
504
480
515
550
516
470
504
555
525
470
495
551
524
471
496
560
562
523
510
511
514
467
463
512
536
491
463
507
544
510
475
507
548
511
467
504
549
521
472
484
536
524
488
490
531
526
476
477
524
538
494
472
511
550
514
479
518
554
514
469
501
552
522
473
501
555
532
476
491
546
537
488
479
530
538
494
476
521
547
504
471
514
555
514
472
508
558
526
473
505
558
530
475
496
551
539
486
489
536
547
499
482
526
552
505
474
518
559
519
481
509
555
519
467
503
557
527
478
501
550
533
479
485
536
541
497
485
531
554
511
478
510
541
500
459
505
552
515
467
505
559
513
453
468
524
510
457
467
507
508
460
454
503
507
469
447
483
519
486
448
492
535
496
451
483
538
507
455
479
537
515
466
480
532
529
476
479
523
539
489
461
507
541
499
465
507
549
514
471
502
540
512
466
495
541
527
476
489
537
527
483
486
528
537
483
473
513
516
456
417
431
471
435
390
424
464
420
372
406
464
441
386
409
463
459
423
439
485
484
445
426
498
521
488
459
495
536
503
472
501
535
512
474
533
606
578
490
496
563
558
489
485
538
538
496
494
543
554
510
493
532
566
523
483
528
568
536
486
538
582
545
487
521
578
550
490
480
548
546
488
482
534
549
504
487
526
550
514
484
530
577
517
473
509
568
536
443
473
544
517
466
490
554
539
484
486
544
549
514
504
536
543
521
486
522
542
473
447
495
553
516
461
494
545
518
470
499
552
532
482
492
537
552
502
498
541
552
511
484
507
545
516
475
503
546
511
465
503
558
525
470
497
555
525
473
485
541
540
489
488
536
549
507
499
538
543
501
469
510
556
520
470
504
559
522
473
504
556
533
469
486
552
553
507
496
546
553
509
479
509
535
502
480
523
546
506
468
517
575
530
464
480
553
537
497
509
544
526
471
481
544
561
497
483
518
544
503
481
527
571
501
465
506
558
524
476
518
576
542
470
481
547
535
467
477
533
538
489
477
516
541
497
477
523
557
517
471
508
561
521
484
517
564
516
468
492
550
532
474
473
530
534
482
486
542
551
501
479
522
551
518
491
532
570
525
463
500
564
546
500
523
574
546
486
484
539
537
489
502
561
556
504
487
564
593
501
413
445
511
479
447
492
539
502
455
489
539
509
458
478
532
517
463
471
521
522
467
449
495
519
474
443
469
498
463
420
457
512
472
407
438
506
481
411
419
475
455
407
417
467
463
413
425
481
500
444
414
463
505
456
420
470
526
485
447
490
556
524
474
507
573
560
505
496
560
578
553
549
565
544
475
469
522
566
531
502
542
586
550
503
549
609
592
491
521
573
553
507
535
590
590
534
500
553
584
528
495
534
563
529
491
521
561
520
471
503
560
529
474
514
572
543
501
531
586
548
473
472
527
515
464
470
528
541
488
460
509
543
503
461
509
564
532
467
487
549
493
424
468
540
523
478
456
492
496
472
490
555
577
518
503
557
599
557
512
557
623
604
561
528
552
548
492
522
549
534
498
530
593
564
504
497
531
545
513
502
542
553
527
544
592
584
492
481
530
553
483
441
483
554
557
522
527
522
515
474
497
559
587
554
558
560
575
508
466
492
495
498
467
489
548
517
462
517
591
579
491
496
529
560
515
456
494
512
486
465
528
562
542
503
500
530
484
480
503
541
549
486
494
578
506
471
485
535
532
505
512
558
559
493
483
528
526
477
476
528
592
560
476
527
600
592
528
472
509
512
487
522
578
539
515
546
541
515
501
501
537
556
496
470
541
581
525
467
518
559
507
470
521
578
539
494
439
509
513
487
515
554
576
511
442
491
526
506
544
560
510
457
455
503
539
523
482
525
560
507
458
506
572
556
496
451
500
500
478
502
534
531
489
498
547
559
510
507
534
550
488
461
506
553
510
486
493
541
529
446
490
577
542
450
480
537
541
491
508
543
543
492
464
539
578
540
464
496
563
542
472
477
542
542
492
477
540
519
474
518
564
526
458
469
532
553
511
495
537
527
476
457
500
549
527
508
547
543
455
445
496
565
531
484
464
527
533
494
500
558
562
491
449
508
540
487
468
496
530
491
456
487
538
527
496
491
534
517
472
489
545
570
464
437
502
509
478
473
534
542
490
440
484
513
522
504
483
516
468
448
494
551
513
457
507
550
505
442
471
560
546
436
452
507
528
506
483
495
524
498
466
511
548
509
458
476
520
503
476
505
577
563
477
451
509
506
484
510
526
507
481
493
500
508
499
550
556
513
458
433
476
535
527
462
501
547
512
464
496
551
514
476
477
538
559
486
479
518
518
463
443
506
536
418
353
422
432
388
333
356
417
416
380
402
459
465
427
442
449
461
456
453
509
526
505
474
499
538
527
489
521
575
556
513
519
571
547
511
532
597
587
506
502
559
566
530
502
526
591
552
499
551
582
561
519
557
570
499
466
548
589
520
471
519
590
553
484
504
573
584
558
544
564
567
511
524
554
557
530
506
566
609
556
482
506
564
555
522
563
595
544
465
520
569
536
488
506
557
575
520
488
526
537
501
504
571
583
505
463
526
572
521
514
524
526
562
525
501
578
535
456
494
550
536
493
495
513
566
542
471
518
536
506
446
483
535
500
471
499
557
528
475
499
552
529
479
505
585
573
452
452
540
563
477
441
524
569
501
478
522
535
513
486
505
529
522
478
502
540
528
483
484
541
538
499
523
566
549
493
486
550
587
516
486
529
567
548
519
535
568
524
479
527
620
599
455
472
545
528
479
504
534
536
532
501
503
547
523
479
524
547
504
460
503
556
513
457
511
590
543
473
515
564
549
517
520
567
554
518
511
531
548
501
471
515
546
521
496
531
589
539
452
494
553
533
500
505
529
526
494
522
562
546
497
525
500
504
465
464
515
542
518
468
516
556
516
484
511
556
533
506
541
551
517
470
514
565
519
468
489
505
519
519
501
518
527
497
514
501
521
489
455
510
572
509
459
507
541
517
479
489
525
520
479
488
548
556
477
491
538
546
525
508
513
536
520
508
537
569
520
481
544
556
516
487
533
569
546
494
504
570
558
478
488
530
556
551
501
508
567
549
461
493
544
531
484
524
569
519
448
473
540
524
476
501
541
536
476
458
517
534
490
483
518
540
493
464
526
564
503
468
499
565
523
456
484
533
520
481
501
547
538
501
500
555
531
467
473
523
543
507
464
499
554
547
535
534
529
475
452
509
571
518
479
518
541
536
494
477
500
510
480
495
533
557
505
450
506
549
512
482
514
535
530
500
511
542
511
472
519
576
544
484
513
559
542
489
480
525
562
525
467
536
562
500
470
506
559
525
478
518
564
512
469
500
561
539
492
502
551
549
500
482
535
544
504
489
526
532
495
484
534
570
549
502
503
554
531
469
495
561
516
548
517
477
502
556
542
498
502
539
3
537
499
497
535
560
511
487
524
557
534
506
527
547
515
485
516
548
517
477
502
556
542
498
502
539
529
485
484
529
538
499
479
520
547
510
492
520
546
517
493
528
543
505
468
513
552
521
453
481
558
534
458
461
501
514
447
432
481
508
476
435
456
523
480
394
420
457
430
380
405
454
432
381
393
450
447
411
412
470
480
446
446
493
521
491
472
521
555
526
493
531
575
545
504
540
594
576
545
577
617
533
480
518
547
549
490
487
554
544
489
471
519
572
534
486
530
572
539
504
532
569
535
476
501
545
529
487
502
554
555
508
516
555
573
526
508
540
565
534
501
537
573
534
491
522
569
552
540
582
598
517
470
507
551
516
472
481
535
524
475
464
487
514
489
465
499
550
513
465
491
531
504
467
492
537
517
472
487
537
528
484
489
531
540
498
482
526
544
510
482
523
570
544
505
543
603
547
467
455
514
506
460
491
542
524
461
461
503
509
479
480
528
540
497
483
524
555
505
464
484
523
499
464
498
542
516
469
496
543
520
475
488
538
533
491
487
528
542
499
490
570
645
570
448
458
489
474
468
537
601
539
421
446
516
502
470
498
529
534
494
487
532
537
492
489
528
512
484
463
506
540
514
485
514
551
518
479
515
570
536
496
503
538
537
512
514
532
541
487
477
512
545
525
495
532
579
529
460
504
559
513
479
505
540
516
478
489
535
537
491
484
529
532
475
478
520
538
485
471
498
536
502
478
509
546
507
456
487
541
516
469
505
554
524
467
493
531
541
489
487
538
549
506
482
525
536
496
472
489
533
496
468
495
542
509
479
495
522
511
489
504
546
507
459
477
527
540
490
477
528
543
488
479
535
558
498
461
505
561
530
472
490
541
520
482
504
554
533
487
498
554
551
481
476
518
534
506
490
509
542
505
474
517
557
499
465
501
556
532
472
498
551
523
486
501
535
518
481
468
515
548
517
496
522
538
497
470
511
557
529
487
509
540
518
485
503
565
545
497
514
550
526
483
495
550
565
493
484
523
546
512
485
518
577
552
473
485
539
523
485
492
544
531
483
493
538
539
512
520
553
527
477
469
526
555
508
480
518
560
519
475
516
573
552
483
483
533
526
491
512
547
533
497
503
539
548
510
494
527
548
499
473
522
565
524
471
509
549
515
475
510
556
528
484
493
543
553
513
478
503
519
493
483
523
556
529
492
518
545
525
471
494
546
532
484
504
554
546
499
526
567
549
510
524
564
555
511
492
545
557
509
487
529
568
525
474
512
570
525
471
511
539
513
473
509
562
538
482
483
545
549
509
499
538
540
509
499
546
562
534
510
544
552
518
488
519
569
523
478
504
560
552
497
503
564
570
512
469
500
535
484
469
518
563
531
472
502
555
535
483
485
547
528
470
496
548
527
469
484
543
531
492
514
552
551
465
449
498
537
527
482
486
542
503
462
541
573
527
503
507
497
460
435
470
533
523
489
502
532
536
491
475
543
555
498
463
512
536
502
490
522
535
507
466
491
550
542
496
495
535
502
453
477
537
536
490
484
522
529
488
484
508
525
499
471
509
557
519
463
499
557
530
463
509
549
515
474
490
553
544
476
482
537
545
498
483
517
550
520
494
515
552
519
476
486
532
517
493
518
555
528
476
487
537
522
474
487
535
536
489
477
528
557
521
477
511
546
520
473
501
540
492
465
503
560
535
491
502
540
528
486
505
539
528
472
463
532
550
482
458
507
547
509
469
503
561
515
472
484
525
509
479
499
554
527
472
472
539
528
485
497
542
545
487
465
495
538
505
481
516
554
509
468
503
544
513
477
504
553
521
458
484
542
536
494
488
508
523
489
494
529
539
500
472
514
547
501
455
499
557
522
481
496
550
517
468
493
540
527
478
485
533
535
493
482
526
544
510
483
4
515
470
473
540
562
503
445
476
513
496
473
485
492
438
394
425
462
430
382
414
456
428
384
415
462
428
395
426
451
456
422
425
449
472
450
433
499
569
516
456
497
534
502
469
496
554
530
491
511
566
568
516
503
546
580
539
506
542
565
536
520
541
556
530
475
522
611
564
482
505
586
557
540
538
550
533
499
517
562
588
530
478
531
569
527
526
549
564
524
474
514
582
564
505
521
582
561
497
519
558
539
491
498
540
551
530
482
514
555
513
500
545
574
524
492
526
536
520
507
539
537
507
479
526
565
510
466
500
566
550
503
496
541
537
505
489
497
527
485
478
514
565
522
483
517
570
552
465
495
542
537
490
469
524
539
504
530
585
540
456
456
516
553
534
496
516
528
493
464
524
597
550
470
472
519
508
480
499
552
547
514
511
508
512
479
480
555
568
485
477
529
537
495
471
501
571
528
469
509
561
523
478
455
518
517
474
490
544
544
491
483
558
608
524
459
496
564
499
451
488
552
534
462
485
546
534
478
497
550
520
482
493
565
567
469
450
505
529
515
500
498
525
494
466
499
549
524
476
498
554
546
500
489
530
516
492
493
548
542
534
551
538
530
506
523
536
562
521
482
495
531
505
460
500
550
522
483
512
562
546
545
590
548
486
469
488
512
521
503
519
557
547
509
497
545
560
494
479
513
539
522
488
510
548
538
495
501
559
578
506
487
535
527
493
515
561
566
477
475
509
532
502
461
506
572
526
459
481
533
524
488
507
545
523
484
503
536
543
531
559
559
547
474
436
502
537
496
467
494
518
496
456
482
529
516
470
502
561
526
476
501
543
512
454
472
541
525
502
504
507
524
486
474
527
574
535
473
487
524
517
506
544
559
505
442
464
537
533
474
482
542
550
501
486
528
577
503
441
491
537
501
484
533
565
525
474
483
557
531
493
508
529
528
472
489
538
528
480
476
518
552
507
482
524
560
531
488
551
564
499
461
492
542
545
463
465
521
532
514
515
525
519
488
491
535
550
509
469
486
516
504
500
523
562
536
453
506
567
527
472
498
535
511
467
481
550
570
482
458
508
522
490
480
527
569
545
490
512
549
524
512
506
528
517
499
540
537
511
471
486
553
546
489
481
527
528
489
479
525
559
540
485
501
546
497
460
495
567
566
481
453
524
520
495
511
562
545
455
469
511
527
501
479
521
553
529
499
506
558
516
486
518
531
515
496
533
593
531
458
477
523
535
494
510
524
527
498
495
520
547
510
479
518
559
515
469
526
567
517
480
494
550
538
503
494
516
502
463
476
539
551
493
482
520
550
514
479
514
549
508
485
534
561
522
472
491
542
502
458
493
561
540
478
483
553
590
514
446
515
561
512
492
534
576
502
455
504
533
512
479
487
541
516
467
497
567
564
528
542
532
519
488
473
519
553
500
468
493
536
506
493
541
578
521
472
525
576
518
460
477
536
540
500
507
549
532
482
496
537
530
475
450
523
543
487
481
530
544
505
467
507
559
540
507
501
566
532
468
488
536
536
501
485
537
549
512
498
511
526
507
508
540
567
540
524
555
552
488
450
497
573
551
482
494
530
528
496
530
586
536
465
467
519
540
491
457
507
551
518
491
554
590
524
485
492
534
514
471
499
534
492
443
458
525
508
454
456
510
513
484
479
499
529
478
442
479
515
496
469
536
587
504
443
459
542
549
489
507
524
526
495
495
533
550
496
507
524
498
451
455
510
564
519
457
493
540
533
498
500
531
499
483
549
585
501
464
472
524
545
507
461
508
518
474
443
486
501
459
413
447
458
419
409
419
434
402
366
375
437
418
397
400
454
462
400
400
468
536
513
437
470
507
487
480
551
599
547
533
540
558
535
496
494
550
550
523
540
565
544
502
505
564
589
553
535
574
589
545
480
540
614
551
472
491
583
582
513
502
525
533
505
497
1
536
514
462
471
514
524
490
473
514
533
497
467
502
533
505
476
501
539
511
462
494
533
508
462
482
533
524
478
471
521
537
489
472
515
539
496
474
499
538
507
475
510
539
510
462
471
524
514
469
490
535
521
481
493
556
564
506
470
512
529
484
473
526
551
503
470
493
540
505
473
501
554
511
481
507
541
534
494
486
539
560
485
489
553
545
497
483
523
552
514
457
517
553
534
487
500
560
533
478
497
552
537
501
501
531
541
500
488
529
528
477
488
510
528
508
466
497
527
508
469
512
552
513
475
518
578
558
526
534
574
548
459
459
510
502
452
441
473
464
430
421
477
492
400
350
373
409
358
306
330
376
354
315
348
406
380
338
333
396
416
376
378
402
434
387
377
403
428
402
367
415
443
415
370
421
490
492
440
475
534
551
480
510
502
508
494
546
490
497
496
542
618
583
515
476
516
563
544
536
563
596
569
534
563
604
574
531
552
597
587
540
552
594
601
548
546
587
607
570
544
570
600
567
528
551
592
561
522
545
589
565
513
531
578
561
513
522
563
549
495
489
532
539
485
464
499
532
498
460
486
528
495
453
490
533
496
442
469
523
497
440
461
509
502
463
453
491
501
457
440
487
526
493
470
498
533
492
447
486
542
501
453
490
546
516
464
497
564
534
473
485
542
523
486
466
521
540
494
476
506
542
506
470
501
558
518
468
508
557
528
482
518
580
541
482
495
537
542
488
489
540
554
507
491
534
555
519
480
515
551
521
484
520
571
532
482
505
557
535
496
518
570
560
504
488
534
542
496
480
513
538
496
466
506
552
524
490
517
554
509
464
492
550
524
469
492
532
514
467
470
525
531
484
467
517
545
502
469
503
542
506
472
501
545
516
464
490
534
512
473
489
541
528
472
480
525
528
483
477
520
529
482
467
506
541
509
470
500
543
510
460
492
542
514
463
485
541
522
469
487
534
532
486
490
534
540
500
482
521
548
511
470
517
559
523
489
520
565
535
495
519
568
539
485
500
554
553
509
506
545
554
512
499
540
563
529
501
527
561
524
491
519
564
533
488
510
559
536
484
500
555
542
496
501
552
548
497
489
533
558
508
479
520
549
518
480
515
555
516
475
505
558
526
480
503
558
544
494
509
552
542
497
498
542
552
523
513
535
563
529
492
532
570
521
482
508
560
535
488
518
572
550
503
515
558
557
508
505
547
555
513
494
531
553
517
481
518
558
522
481
512
558
524
477
503
552
528
480
500
549
533
484
484
536
537
493
484
522
556
522
482
513
551
514
469
503
553
520
479
512
563
531
463
485
534
520
476
484
536
541
492
486
533
555
508
478
513
548
507
477
515
559
511
465
493
548
520
473
495
551
533
482
489
540
532
484
486
530
536
493
476
514
542
505
473
510
553
511
473
508
549
519
474
501
558
525
482
497
540
524
472
479
524
533
487
479
517
554
512
477
503
534
502
470
501
543
512
469
500
542
504
455
482
532
512
460
476
531
528
485
480
518
534
494
473
511
544
501
465
498
544
513
463
492
543
522
475
491
539
525
473
486
536
530
478
475
526
539
498
477
513
541
504
472
507
549
509
467
500
545
518
468
496
552
529
468
481
533
531
493
492
523
527
486
470
512
539
502
473
506
541
506
464
495
549
520
467
497
546
519
464
488
544
530
478
481
526
538
490
479
526
543
499
470
503
540
500
463
491
540
503
456
493
551
520
471
505
565
555
507
522
578
582
537
528
580
602
564
537
577
607
572
533
565
609
567
519
546
600
563
510
535
582
560
510
523
569
562
504
505
549
557
513
494
533
559
522
489
524
565
530
490
520
568
535
486
511
563
543
489
503
554
542
488
490
533
539
491
483
523
548
505
477
510
546
515
474
509
553
518
471
500
548
521
474
492
544
534
479
487
538
537
490
485
527
541
497
477
509
545
503
4711537
507
477
505
553
511
476
499
537
506
461
491
540
522
474
481
528
523
480
474
515
536
490
479
518
540
512
475
505
551
512
464
508
563
516
467
492
534
519
462
479
533
533
488
493
537
542
496
493
510
525
493
475
507
541
513
481
500
553
549
488
463
534
520
461
485
551
531
467
466
524
543
498
478
513
535
508
475
499
540
515
485
514
548
522
474
507
559
521
478
507
549
538
485
471
518
526
481
484
530
552
516
487
528
566
514
471
490
538
499
466
508
554
508
467
505
549
523
472
489
540
535
496
492
534
551
509
484
519
538
508
497
532
551
520
488
516
553
512
470
499
545
534
492
506
574
562
477
490
544
555
508
476
516
549
514
502
533
553
517
481
516
555
522
472
503
555
534
485
503
559
548
494
491
543
544
508
509
547
557
510
490
526
563
523
493
538
574
513
485
521
579
547
477
487
549
539
502
493
538
545
512
505
529
546
510
472
510
555
521
494
519
541
516
493
531
567
528
474
488
539
540
493
503
553
539
488
485
540
561
519
485
520
541
510
486
521
554
511
474
510
553
527
483
501
547
531
484
500
551
542
496
497
550
562
507
490
520
543
517
494
521
531
507
453
490
557
518
456
491
526
504
451
469
522
517
484
487
525
517
453
468
516
529
488
462
505
532
481
448
477
519
490
439
458
504
478
434
435
476
459
404
409
454
452
402
404
444
455
418
406
448
483
447
420
465
506
477
447
482
538
516
464
502
564
530
474
511
567
562
495
477
537
562
512
475
517
548
536
492
518
554
526
485
523
563
545
501
519
547
530
493
506
561
548
500
498
543
554
509
492
535
562
518
497
536
557
524
495
529
561
528
483
515
562
537
495
510
564
543
486
499
529
521
474
476
529
538
498
477
510
533
496
474
507
544
540
481
484
534
502
461
487
540
529
479
489
534
531
479
492
539
549
518
488
525
555
515
486
524
565
537
494
516
559
545
498
523
574
550
499
527
570
550
520
509
544
562
533
522
553
577
531
500
536
587
562
501
516
579
551
493
539
571
535
497
520
566
551
508
510
560
578
526
488
529
561
530
491
532
563
517
491
517
556
536
498
515
549
523
468
498
561
537
506
515
541
549
511
483
505
541
505
470
501
545
509
474
506
547
516
456
487
553
536
475
498
538
531
496
482
528
517
479
487
530
543
516
484
512
547
512
459
517
544
501
462
488
536
512
451
489
555
506
469
477
530
509
491
497
506
526
489
483
498
538
502
470
520
546
527
472
494
530
503
466
487
541
521
449
473
520
522
464
476
547
533
473
461
504
522
489
472
490
524
487
481
488
520
503
472
477
519
507
466
477
511
520
464
461
517
508
469
464
525
514
478
454
495
523
499
460
491
532
502
467
506
551
524
469
501
535
529
474
489
524
518
474
461
506
502
460
424
446
475
470
432
440
432
403
387
413
461
416
363
403
467
443
418
429
444
453
447
459
466
501
474
462
489
544
500
472
496
533
514
464
511
549
523
493
516
573
546
504
522
568
555
507
518
554
566
535
522
560
584
567
527
547
573
566
497
556
560
527
490
533
586
576
519
528
557
532
506
529
564
550
506
508
546
564
504
473
510
548
522
496
527
550
520
493
517
549
524
497
510
549
527
489
504
551
554
516
512
534
552
520
509
537
557
529
487
509
546
519
479
508
557
529
479
507
552
530
482
497
549
540
499
521
543
537
485
485
536
558
504
455
498
554
521
480
522
546
509
462
487
571
543
479
491
553
547
501
480
528
533
489
487
508
537
500
487
521
544
500
460
498
548
528
487
487
533
527
491
505
552
540
464
480
538
547
486
485
549
559
517
478
512
537
510
480
492
542
522
490
498
543
531
475
509
561
553
498
485
528
534
480
489
545
544
509
487
518
532
515
486
514
558
521
493
506
554
531
482
508
553
535
492
507
528
534
492
482
531
498
540
515
475
496
543
525
484
2
491
535
532
490
487
526
537
499
482
508
534
502
473
505
541
508
466
498
540
515
475
496
543
525
484
493
534
527
490
491
523
530
492
477
516
536
498
478
508
538
509
476
506
547
521
477
495
544
520
478
489
530
525
484
489
529
529
486
477
515
539
505
482
510
542
513
482
509
542
515
478
505
551
527
472
494
542
529
486
491
530
526
485
479
520
544
510
478
509
536
505
478
506
546
514
477
503
547
520
480
501
542
527
483
498
531
524
491
500
529
537
498
479
513
543
511
478
508
542
513
477
504
544
516
472
498
546
526
477
495
539
526
484
483
523
529
491
483
522
540
506
481
509
541
508
476
503
541
515
474
497
541
524
473
491
534
518
480
490
528
528
481
480
518
531
496
475
514
536
494
462
504
559
529
479
505
546
520
479
503
543
525
480
492
537
535
483
485
529
538
501
484
531
553
518
484
510
540
516
481
503
548
526
493
515
544
527
485
492
535
526
490
490
531
545
499
480
510
538
508
481
510
541
508
470
502
541
516
468
485
532
513
473
492
542
528
477
481
525
528
498
484
521
537
500
478
508
539
503
474
507
544
516
477
495
541
522
474
486
530
516
475
486
528
533
487
491
531
546
507
481
518
552
513
480
511
554
526
482
503
547
522
478
501
543
525
480
484
536
535
493
489
521
529
494
481
515
544
507
477
508
539
506
474
504
544
517
473
498
548
526
480
485
514
506
460
462
481
485
437
420
446
454
411
393
419
451
420
395
425
469
446
416
447
499
482
443
460
519
509
476
481
529
539
492
478
523
546
514
495
529
562
527
497
530
568
533
498
525
565
541
504
523
571
558
516
525
565
557
517
522
558
562
520
506
543
563
537
498
520
567
540
497
525
564
543
509
522
562
548
505
514
548
553
522
502
526
534
497
490
521
547
516
489
520
557
515
486
513
550
524
487
514
560
534
486
500
552
551
499
501
543
546
508
499
527
551
512
484
523
539
520
486
512
547
513
474
515
561
525
484
496
535
533
486
495
529
536
495
484
520
534
505
483
515
540
515
485
510
542
518
485
492
543
512
478
499
544
532
484
483
530
534
483
489
521
534
505
484
516
549
521
481
502
543
513
478
503
541
516
485
502
544
529
483
501
548
539
502
496
530
537
503
484
518
540
508
488
519
546
520
487
510
548
524
486
511
557
529
485
500
541
529
486
484
525
529
484
476
519
538
511
484
511
540
511
474
503
543
507
470
499
546
525
473
493
539
527
480
485
530
530
489
481
517
530
496
472
500
528
497
467
500
543
518
481
508
548
520
475
494
537
520
479
488
528
526
487
488
528
543
506
489
517
537
508
480
504
538
504
474
504
545
518
472
494
540
528
486
501
541
535
496
496
535
541
503
488
520
539
503
477
516
550
518
481
508
546
514
477
503
547
532
490
493
540
529
489
495
536
540
501
500
535
545
510
493
526
552
517
484
513
552
524
478
503
545
524
483
499
541
527
484
491
535
534
490
484
525
536
499
478
508
540
509
477
508
544
511
477
507
546
521
479
502
545
524
480
490
534
532
488
483
522
535
495
481
512
535
504
481
511
542
507
469
498
538
509
469
493
535
518
473
489
531
523
485
488
526
534
498
484
523
543
504
481
509
543
507
476
502
538
509
471
495
538
518
474
493
538
524
482
490
531
531
482
477
517
533
496
475
507
538
507
481
507
540
510
469
497
540
514
473
495
537
523
478
486
528
528
492
481
514
532
496
481
513
539
504
475
507
546
513
476
499
538
508
469
495
540
517
477
489
531
525
484
481
522
531
494
482
514
531
501
473
504
538
509
473
497
540
511
470
497
544
515
469
484
529
522
479
481
526
530
493
484
515
534
496
477
508
535
504
464
493
532
501
462
485
528
508
466
485
524
510
471
478
514
514
475
469
506
518
482
5
499
538
534
495
490
524
535
503
485
517
542
514
485
508
545
517
478
503
545
518
477
497
539
520
477
488
9
538
534
495
490
524
535
503
485
517
542
514
485
508
545
517
478
503
545
518
477
497
539
520
477
488
529
528
485
482
524
535
498
480
519
536
503
477
517
544
504
475
498
536
510
468
494
542
521
481
492
539
531
484
483
528
536
497
490
519
534
503
480
515
548
516
487
510
541
518
480
503
546
524
481
496
542
532
491
492
534
534
498
488
525
539
508
484
515
540
512
479
503
539
509
473
499
544
519
476
500
545
527
482
491
534
538
485
487
523
530
494
479
516
543
511
484
514
552
516
484
514
548
517
476
497
544
526
479
486
531
530
491
491
528
531
494
480
514
539
508
477
512
544
513
474
502
547
521
479
500
547
530
488
502
543
535
487
488
528
530
491
481
518
540
511
483
514
547
519
483
510
549
519
477
504
547
519
476
494
534
519
483
495
528
529
492
489
524
538
501
482
513
540
508
477
505
539
504
464
493
534
515
471
491
533
523
483
493
533
533
492
478
516
528
495
476
510
535
504
475
510
543
512
471
502
546
523
479
499
546
526
483
493
539
537
493
492
525
533
495
488
515
536
501
478
512
545
513
475
503
539
512
475
499
543
521
469
482
528
527
491
487
528
536
505
497
537
554
526
506
546
579
552
516
539
577
555
515
538
581
560
513
527
569
556
512
514
554
553
513
505
544
550
514
492
526
559
524
489
518
557
533
497
519
559
537
488
507
548
531
486
495
540
540
497
491
531
540
498
481
517
545
515
488
513
545
515
481
510
548
519
475
498
545
529
488
493
535
531
491
487
527
531
499
491
524
545
508
485
516
540
505
469
496
537
510
469
492
534
515
470
487
531
521
480
484
521
527
483
474
510
528
496
470
502
533
501
467
499
542
512
468
495
538
515
472
490
540
531
484
488
532
537
495
489
522
539
499
476
515
551
510
475
506
550
517
478
504
547
519
472
496
546
529
479
492
540
530
486
480
518
538
495
472
517
557
508
462
496
531
494
450
480
519
495
450
471
514
488
450
456
508
506
465
466
507
514
475
464
500
530
493
465
499
542
506
468
498
537
507
469
495
542
519
475
493
538
530
481
483
529
537
497
487
516
542
504
477
505
545
515
471
499
545
516
475
499
545
516
471
493
539
529
487
492
532
536
491
473
517
533
497
479
514
542
506
476
504
540
511
475
501
546
518
473
495
543
529
486
493
539
537
492
488
527
543
508
490
522
554
532
508
544
581
560
529
566
613
595
547
571
617
604
555
552
597
591
546
544
583
588
551
534
568
591
554
525
553
587
558
513
540
579
546
503
526
569
548
504
517
561
553
511
509
545
550
509
498
534
550
517
489
519
558
523
486
516
554
528
484
508
558
533
489
505
546
537
502
496
524
519
467
450
479
479
442
408
439
458
427
385
422
461
440
406
432
486
467
420
447
499
489
448
460
502
500
461
460
502
514
473
461
494
526
492
463
493
530
503
472
492
533
507
468
491
531
515
473
490
537
532
484
482
524
532
486
473
515
534
497
472
502
536
501
468
498
540
510
472
497
542
520
475
486
538
525
483
483
524
531
485
474
507
524
492
473
506
538
508
474
504
545
518
474
505
544
517
470
488
528
522
480
486
537
526
477
472
512
531
497
475
497
530
503
475
508
538
510
475
499
544
518
473
492
538
520
475
485
524
520
483
482
519
526
497
482
512
540
506
473
505
540
511
474
501
540
516
474
496
541
523
483
497
535
531
494
491
534
541
499
488
523
539
505
481
516
545
512
475
505
544
518
476
495
544
523
481
493
538
533
493
492
532
531
495
478
517
526
486
466
513
535
501
474
505
544
519
490
514
560
544
499
518
566
549
503
509
552
556
514
504
542
555
521
498
528
556
522
487
517
554
528
485
469
499
536
516
476
493
539
527
486
492
530
528
492
492
529
538
503
492
4
476
503
477
446
477
514
492
469
499
536
516
476
493
539
527
486
492
530
528
492
492
529
538
503
492
523
542
510
483
514
543
515
479
508
546
522
480
501
545
525
483
496
541
534
494
493
533
540
501
491
523
537
509
485
517
547
515
483
508
547
522
483
505
546
526
486
500
544
535
490
496
532
531
492
487
525
539
504
485
514
543
512
482
511
547
516
477
499
541
517
474
493
535
525
477
484
524
523
488
486
524
535
498
480
514
538
505
476
502
536
514
479
504
544
519
480
502
543
523
481
495
534
530
492
491
529
536
501
488
519
537
507
479
508
540
514
475
500
539
514
479
502
545
523
483
501
544
527
489
494
533
535
496
486
522
538
503
484
511
535
508
478
503
539
513
474
498
542
519
478
497
538
523
475
483
530
533
494
490
528
539
506
488
514
541
512
481
511
546
518
483
513
548
524
484
504
546
530
485
498
541
536
497
494
530
539
504
487
517
543
511
484
515
544
515
480
506
544
516
479
502
546
524
483
496
535
526
486
489
528
530
495
487
521
541
503
480
511
539
513
477
503
544
520
481
504
549
528
487
503
545
529
491
499
533
531
496
487
526
541
509
492
522
551
524
495
524
558
528
491
516
556
534
495
514
551
538
495
503
542
542
501
499
537
543
509
492
522
545
517
489
517
552
522
486
512
553
523
482
502
545
526
484
496
538
533
495
497
535
542
504
493
527
546
510
483
510
538
508
475
501
538
508
470
495
542
518
477
494
537
527
486
490
526
529
490
484
520
537
502
481
510
538
512
477
500
537
513
475
502
535
513
471
491
537
522
483
490
534
534
494
490
527
542
509
490
520
545
516
486
508
547
527
482
489
529
509
462
485
527
508
465
474
517
519
480
480
522
531
497
482
515
539
508
482
506
542
513
473
501
541
515
474
497
540
523
479
491
532
526
486
488
525
533
495
483
522
538
499
475
507
536
507
471
500
536
505
471
498
544
521
477
492
536
526
482
486
525
529
488
484
521
537
501
484
507
534
501
471
504
541
509
476
498
536
513
470
490
531
519
477
484
521
522
483
483
522
531
493
475
511
537
505
469
503
536
507
474
502
539
515
475
495
541
522
483
492
539
535
494
491
528
534
495
481
516
533
503
481
509
541
513
476
502
540
514
480
501
541
522
482
499
542
531
491
484
525
528
491
482
520
538
505
485
521
544
511
479
507
544
515
475
498
540
521
480
496
539
528
484
491
537
540
494
494
538
559
519
505
537
563
533
503
529
559
531
494
520
560
535
494
513
556
536
493
509
546
543
499
499
542
543
508
493
528
548
513
491
515
548
522
490
514
553
529
489
507
550
531
485
499
542
534
492
495
534
538
502
491
524
541
508
486
517
547
515
485
510
549
520
480
506
547
524
480
494
534
525
486
490
530
530
494
485
520
534
506
483
510
544
520
494
530
569
545
512
541
589
567
529
555
603
585
543
547
582
579
540
536
573
581
544
526
556
580
548
517
539
571
544
506
534
570
547
504
522
566
550
509
518
559
554
507
506
545
550
511
496
531
552
516
489
519
554
525
490
515
553
528
485
513
555
527
479
494
538
527
484
487
529
534
494
487
525
539
502
485
513
543
513
479
507
544
516
476
501
542
522
480
500
540
524
483
489
529
528
488
483
519
534
498
481
514
538
511
480
504
541
514
478
505
544
520
479
501
545
520
481
493
536
532
490
483
522
531
496
488
517
533
499
477
508
541
513
475
500
542
516
479
502
543
522
479
493
537
530
486
489
529
534
495
478
512
529
495
475
511
541
511
483
510
540
513
474
496
538
517
479
495
532
526
487
488
523
526
489
483
520
535
507
484
507
537
511
483
506
540
512
477
501
542
522
482
492
535
525
485
490
523
527
487
483
521
483
489
531
533
493
497
542
538
496
478
518
542
501
465
493
531
498
462
489
537
520
477
495
540
523
479
491
535
533
491
487
519
533
498
485
518
545
510
478
508
545
519
481
499
543
514
472
494
540
523
477
490
529
529
487
485
527
535
497
481
512
540
501
477
512
546
518
484
506
539
516
478
497
538
519
476
490
537
531
492
489
533
537
497
482
518
540
505
475
513
551
506
471
502
541
508
470
493
537
518
472
485
531
521
482
489
532
538
493
483
521
538
504
484
514
544
515
487
516
548
511
477
503
548
523
479
499
540
527
483
495
536
530
493
488
523
538
503
483
515
543
509
482
515
551
524
489
511
553
525
481
502
547
528
485
496
542
536
494
495
534
538
502
489
522
545
515
485
514
548
516
481
507
545
521
480
509
543
515
473
489
538
528
481
482
522
528
486
478
517
541
509
482
510
543
507
475
501
540
512
477
504
546
519
476
494
538
530
489
491
532
533
498
495
532
548
512
490
521
551
513
479
509
545
517
476
497
540
518
475
495
541
532
481
493
535
535
495
486
527
541
505
487
517
541
503
473
502
537
507
472
496
536
513
471
493
539
521
469
481
526
525
485
481
519
528
491
479
513
537
505
474
500
538
509
469
500
546
520
476
497
542
524
479
492
535
531
490
490
530
538
494
484
518
539
506
480
513
543
511
477
505
543
520
477
498
544
525
478
495
545
534
483
488
533
542
495
485
515
537
499
477
511
542
512
477
507
544
516
477
502
547
518
478
493
536
528
492
499
539
537
497
488
526
541
501
481
517
547
515
484
513
544
515
474
498
542
518
473
497
542
522
480
486
528
528
489
487
522
532
492
476
512
543
510
475
507
548
516
479
508
550
520
479
502
544
526
481
492
532
528
484
483
522
534
501
486
523
551
511
480
512
545
514
482
513
552
522
476
499
544
525
482
497
542
535
492
493
529
539
490
477
514
535
498
476
508
542
508
474
506
542
515
475
497
542
520
478
494
541
528
485
493
535
533
492
485
524
542
500
478
509
538
507
476
506
544
515
474
500
545
520
473
497
541
528
485
493
539
538
496
486
524
533
496
477
507
537
509
478
507
545
520
482
507
544
520
477
495
540
526
484
491
538
531
489
488
526
537
498
479
509
540
512
487
518
558
522
484
514
551
524
483
506
551
535
492
503
546
538
492
490
529
538
501
489
522
549
517
488
518
551
519
481
512
552
524
481
506
550
531
487
502
550
540
496
499
545
550
499
484
516
533
504
480
513
548
507
472
500
540
514
477
507
550
518
475
498
544
533
491
497
536
540
498
495
529
539
499
479
518
547
510
487
522
547
510
471
494
535
514
467
490
530
517
472
486
527
520
486
479
525
540
499
483
519
544
510
484
513
546
514
477
502
540
520
481
501
547
533
482
493
537
531
494
493
532
539
502
489
527
547
511
485
518
547
512
480
511
545
520
474
499
548
529
481
490
532
527
485
485
530
535
495
484
523
537
501
476
509
542
514
471
500
543
516
476
496
542
523
480
498
541
528
481
485
524
528
490
486
517
534
503
479
511
544
511
475
505
544
517
478
508
556
519
476
495
542
527
481
491
537
535
492
485
521
534
497
478
516
539
508
478
509
547
516
478
501
544
518
478
500
538
525
489
497
533
524
481
479
515
525
492
475
516
540
510
482
516
553
524
488
517
554
526
485
503
548
529
483
499
544
538
496
501
533
538
504
494
531
552
519
489
518
550
519
486
514
553
525
486
501
549
527
484
497
540
530
489
495
538
540
501
488
522
538
509
483
513
545
513
481
513
552
518
476
496
538
518
477
497
544
534
485
492
538
538
491
481
521
538
501
484
515
545
513
478
507
544
516
482
507
536
512
471
496
540
525
481
489
535
527
487
484
524
539
504
488
520
543
506
476
510
547
516
481
505
548
523
481
505
548
38
502
531
569
540
501
526
568
549
504
515
557
549
509
509
550
553
515
505
542
561
524
496
526
558
526
490
519
559
528
487
513
548
528
479
495
539
531
489
495
537
536
497
487
526
542
509
486
521
550
521
485
518
558
525
484
504
548
523
478
498
541
529
486
495
537
537
496
489
528
542
504
487
518
545
513
483
509
542
514
478
504
548
518
476
496
542
524
481
494
544
537
487
483
526
535
497
484
519
542
507
482
512
544
513
477
507
550
520
479
502
544
525
479
495
539
532
490
493
534
538
500
487
523
539
504
482
515
543
510
480
510
551
521
484
503
543
522
478
494
538
528
489
496
538
537
496
484
519
535
500
481
513
544
511
476
503
538
510
473
499
539
515
474
493
537
523
483
489
533
528
487
487
524
534
497
481
512
537
507
479
509
544
514
480
509
546
521
480
502
546
527
481
494
537
530
491
490
529
537
497
484
513
531
500
481
515
546
517
482
513
547
518
476
498
543
522
476
492
536
528
490
504
537
537
505
509
551
573
543
526
562
597
565
535
561
596
574
534
552
590
570
523
539
579
566
523
527
568
569
526
516
553
564
527
507
540
565
532
502
531
566
537
500
526
563
539
495
515
557
541
499
509
545
543
500
497
537
545
505
487
524
553
510
481
511
550
518
481
510
551
523
482
504
552
530
488
502
542
532
491
493
532
541
503
491
524
545
508
485
514
545
515
481
505
545
523
484
506
547
528
485
501
545
531
489
493
532
535
493
484
524
545
507
482
524
558
531
497
524
559
530
493
515
557
534
492
507
552
536
495
499
539
537
498
492
527
538
505
488
520
544
510
481
512
546
516
480
505
546
526
481
498
542
528
486
494
535
534
493
493
530
536
498
488
521
540
509
483
510
542
514
476
501
541
518
479
496
541
524
481
495
539
531
488
492
529
535
499
492
523
542
507
486
514
545
513
477
505
543
517
478
502
544
527
487
501
544
532
488
491
534
536
497
490
520
539
506
484
516
543
511
480
506
544
514
473
503
549
513
471
489
538
522
478
482
523
526
489
481
522
535
501
482
516
543
509
480
507
539
512
479
497
539
514
470
489
535
521
479
487
533
533
489
490
528
534
498
481
518
537
505
479
509
541
512
477
502
542
516
475
497
544
528
476
489
530
521
482
485
521
525
491
482
518
535
504
478
510
540
510
477
507
546
520
481
501
543
523
479
497
537
528
487
492
535
534
494
483
517
530
500
479
510
540
509
479
505
541
512
475
496
538
513
473
493
540
524
480
488
526
530
492
489
528
541
503
484
518
543
510
482
513
545
515
475
502
541
517
471
492
537
520
477
489
533
529
488
484
520
527
490
478
513
534
502
477
509
542
513
480
506
548
519
479
503
546
525
481
495
539
529
490
492
534
536
497
484
521
540
503
479
509
542
510
478
506
547
515
473
501
546
525
481
500
543
531
486
491
534
533
494
485
523
537
503
482
513
540
507
477
506
541
509
472
496
540
515
475
498
542
526
482
492
535
533
490
484
524
535
498
478
514
538
507
483
510
547
516
480
505
546
520
480
502
541
525
485
498
539
532
489
488
530
533
495
488
520
541
508
482
511
542
512
478
504
544
516
479
506
546
519
475
491
536
529
486
490
528
533
492
487
519
537
501
478
509
538
506
473
504
540
508
473
501
540
517
476
493
539
533
480
485
534
532
494
487
528
543
504
483
516
547
517
484
513
552
524
487
512
554
530
490
508
551
533
487
498
538
539
497
492
532
543
504
490
524
547
506
480
513
546
515
480
506
544
516
484
505
540
526
482
493
534
526
484
483
524
529
493
484
520
540
505
478
507
542
510
476
506
542
515
478
501
543
520
477
497
543
531
488
492
536
537
498
491
522
538
507
486
516
546
516
485
512
550
521
479
505
547
526
485
497
545
527
486
491
532
532
493
488
530
543
2
542
495
486
526
8
538
506
481
511
547
513
478
509
547
523
479
503
551
527
479
493
538
527
486
491
532
542
495
486
526
542
504
479
511
541
511
476
513
550
518
478
502
547
522
478
501
551
533
489
496
534
530
492
490
526
539
506
492
524
548
512
481
511
548
518
481
506
549
524
484
509
545
528
485
485
533
528
493
486
523
532
495
482
519
546
511
477
511
547
509
471
499
542
522
484
498
546
525
474
486
535
525
487
488
528
529
488
477
516
535
501
479
513
541
505
472
502
542
514
473
499
543
518
473
495
537
524
479
484
524
525
487
480
520
532
499
476
510
537
507
476
506
542
512
473
499
542
520
475
495
540
526
479
492
535
531
490
485
526
535
494
479
511
537
505
475
504
540
508
472
500
544
515
472
498
543
522
480
495
540
533
488
488
526
534
493
482
517
535
501
478
511
547
512
475
501
543
515
477
502
541
519
478
497
544
524
490
494
537
537
491
485
531
550
516
505
528
549
507
491
523
560
537
487
509
547
526
483
504
546
534
489
500
549
545
509
505
545
552
522
499
519
554
527
502
528
567
538
502
529
574
545
495
520
570
551
506
523
565
557
515
508
546
552
514
497
531
552
518
490
526
554
519
479
508
549
523
481
505
549
527
484
501
545
533
488
491
533
537
492
489
526
530
492
475
508
541
510
471
504
542
514
477
498
541
524
480
501
547
527
481
489
531
531
492
483
524
537
504
490
519
543
504
470
509
543
512
475
500
541
522
485
502
545
527
470
484
526
534
517
498
532
534
495
474
518
551
494
469
501
544
511
476
499
537
507
468
496
540
529
482
479
545
555
511
496
526
548
513
482
514
542
502
482
520
544
525
525
575
558
499
441
485
530
510
470
488
541
515
475
477
523
528
487
478
517
532
503
487
516
542
510
481
509
548
513
473
491
534
514
475
499
533
513
469
477
526
529
492
479
511
525
488
472
505
532
492
464
496
534
504
465
485
525
498
454
476
515
501
457
469
513
504
465
469
506
513
476
467
500
518
488
470
500
528
498
464
490
525
498
457
474
514
495
451
471
520
521
483
493
536
541
503
499
537
553
519
502
528
549
521
493
519
556
534
489
511
543
518
480
493
537
528
493
505
544
540
501
494
532
542
505
487
514
541
512
483
512
542
516
489
515
549
525
483
497
537
525
485
494
533
535
493
501
546
538
500
487
519
539
507
484
514
545
518
483
508
541
520
485
502
539
527
485
497
534
528
488
490
526
534
495
485
520
538
502
478
505
533
502
474
497
533
508
471
494
534
512
474
494
533
520
481
490
526
522
491
484
518
529
500
483
510
531
503
479
500
535
505
471
497
534
508
472
490
532
530
481
477
514
514
480
475
508
513
476
464
504
531
500
476
502
535
506
473
500
536
515
478
499
540
519
478
488
529
524
483
485
523
527
491
484
514
531
499
480
512
534
506
474
498
535
515
479
502
540
521
486
498
534
523
484
490
526
528
491
485
519
534
501
483
512
537
511
480
506
540
513
476
503
537
510
469
486
535
524
488
495
533
525
485
478
516
526
494
476
513
534
507
466
488
525
495
448
475
508
481
434
445
495
477
435
457
499
503
472
486
543
558
532
534
583
616
602
582
626
658
637
609
631
676
645
611
631
664
642
600
611
645
635
590
588
621
622
579
567
602
611
575
548
576
601
568
534
560
601
577
536
553
589
567
521
537
580
564
526
535
571
570
530
521
558
570
535
514
542
565
534
507
537
565
534
498
524
561
539
499
516
564
544
498
507
546
541
498
492
527
539
503
491
527
544
512
487
516
550
523
492
517
556
528
490
508
546
529
493
505
549
544
504
502
540
544
507
500
531
548
516
495
521
550
528
498
522
553
526
489
514
555
538
495
506
546
534
494
496
535
542
506
497
532
548
517
494
523
548
520
482
509
543
523
487
6488
7
540
534
489
489
536
535
490
486
534
546
502
475
511
546
511
469
504
546
523
479
498
545
527
477
488
7
540
534
489
489
536
535
490
486
534
546
502
475
511
546
511
469
504
546
523
479
498
545
527
477
488
530
519
477
483
530
530
482
480
518
538
504
476
506
538
507
479
503
534
506
470
492
535
520
473
493
540
518
474
494
537
528
480
485
527
538
501
485
520
542
513
486
528
572
529
488
507
544
527
484
502
540
522
481
497
536
527
487
484
521
531
495
486
517
532
501
475
510
544
512
473
498
541
517
477
501
552
538
482
494
548
540
496
497
540
540
499
491
538
563
528
505
536
566
533
503
538
580
536
491
522
572
542
492
507
558
549
510
512
555
553
505
501
550
564
516
500
546
574
530
485
526
564
529
489
518
564
540
492
516
554
543
498
505
551
546
500
500
544
554
511
495
528
557
528
497
529
553
515
473
508
562
531
486
513
557
531
479
498
545
536
487
486
537
539
502
492
528
544
506
484
519
554
514
476
507
550
522
480
509
548
523
481
498
546
528
480
497
549
538
493
480
520
533
496
478
523
550
515
481
514
551
509
471
501
555
527
477
495
541
524
487
494
536
528
490
486
518
528
489
475
518
545
514
478
514
550
513
476
502
554
527
482
496
537
516
476
485
539
536
491
487
533
542
500
482
523
539
498
466
499
538
513
470
500
540
505
463
490
540
516
471
498
531
506
463
466
509
508
471
466
503
521
481
456
493
525
491
453
484
525
495
456
483
529
505
459
482
531
517
474
478
521
518
475
471
505
518
487
472
505
529
497
464
495
532
501
467
496
543
516
467
486
538
524
476
477
522
515
474
477
519
528
489
475
515
539
503
482
511
539
506
472
510
550
519
475
496
547
519
471
491
550
536
494
493
531
536
494
482
526
542
500
482
522
550
503
475
509
556
530
486
512
565
535
488
487
523
526
485
495
527
514
471
463
506
530
489
467
491
528
513
468
489
519
484
441
477
535
498
432
455
509
490
460
475
507
505
467
489
540
555
504
484
555
615
573
472
510
564
541
525
572
607
568
540
566
634
637
595
552
574
631
643
606
558
552
516
524
581
612
577
533
576
623
606
564
565
586
561
530
541
582
575
538
536
559
583
574
581
554
552
543
506
535
569
532
496
548
589
534
473
515
574
547
515
544
591
544
518
565
563
507
481
511
595
586
493
463
510
550
496
461
517
555
532
504
516
548
529
533
580
574
488
469
511
557
545
516
527
573
579
528
515
542
555
523
497
532
552
521
490
510
539
534
517
529
539
505
468
482
529
514
485
477
513
519
465
474
535
532
481
443
488
519
494
478
537
546
478
462
482
509
489
448
493
534
503
462
485
541
535
490
491
548
548
485
475
518
532
503
483
512
548
507
460
482
531
502
463
489
539
507
460
484
541
534
480
472
519
520
482
484
527
539
481
444
489
541
501
457
496
526
488
446
465
500
463
411
428
476
460
383
370
404
397
347
356
407
385
325
316
354
376
344
334
378
390
355
331
380
434
395
342
377
443
427
395
417
445
458
438
449
502
454
413
432
458
488
474
462
487
501
487
464
487
536
498
477
492
555
541
495
491
545
538
493
502
547
551
509
506
554
562
523
505
544
581
544
507
542
577
538
486
521
571
557
508
536
595
588
537
538
574
562
500
500
552
553
518
511
545
547
506
487
527
553
520
500
522
556
533
490
520
571
547
500
528
567
544
491
508
550
548
501
493
541
544
515
496
531
559
530
505
515
554
533
487
509
561
536
480
501
549
537
501
503
540
533
500
501
537
550
505
491
528
554
518
503
515
555
530
489
511
557
530
488
511
561
544
497
507
548
546
509
499
535
547
509
492
525
553
517
488
523
544
511
473
508
544
518
485
507
552
527
482
500
543
531
492
507
554
538
488
482
524
544
500
478
511
4
3
518
487
519
541
490
454
486
528
517
475
473
525
527
483
478
517
536
500
468
496
547
501
471
497
544
508
462
491
539
518
471
501
544
511
466
479
540
522
474
472
533
525
517
519
498
510
494
460
499
574
507
466
502
536
504
462
496
549
512
464
495
547
535
491
486
535
542
500
480
523
556
503
482
521
542
504
451
487
546
518
470
500
550
506
468
492
538
529
489
476
525
529
496
493
534
553
490
475
514
554
518
466
517
560
530
485
518
561
537
491
497
543
532
494
503
545
540
498
505
544
555
511
483
524
548
519
486
520
553
524
484
510
555
528
482
505
559
533
496
502
545
534
492
489
538
545
502
484
528
545
511
484
521
549
513
471
507
548
518
476
498
546
521
471
495
542
536
491
502
537
544
494
483
532
549
506
480
519
549
518
481
507
550
522
481
503
541
523
479
498
544
528
482
489
533
537
495
487
531
545
507
485
